0.000000000000000000e+00 0.000000000000000000e+00 0.000000000000000000e+00 0.000000000000000000e+00 0.000000000000000000e+00 0.000000000000000000e+00
-1.895661134038899798e+00 -1.452183218034803103e+00 -1.896148673522244588e+00 -1.453544469151664575e+00 -7.251294821405626090e-01 -1.040904239373017148e+01
-7.296751551502490551e-01 3.988799961654753701e-01 -7.304964406905115615e-01 4.354408815506877195e-01 2.337822493112342581e+00 -8.522920388117308121e+00
-2.170719223087550276e+00 -1.897064411235438897e+00 -2.170018697329518798e+00 -1.895563728169811002e+00 -1.448130019962869275e+00 -1.086632497389453889e+01
-2.512360874566757385e+00 -2.518490787325239566e+00 -2.512360874566757385e+00 -2.521363026387909212e+00 -7.429329481715617689e+00 -4.281483273818457391e+00
0.000000000000000000e+00 0.000000000000000000e+00 0.000000000000000000e+00 0.000000000000000000e+00 0.000000000000000000e+00 0.000000000000000000e+00
-2.577530914658031858e+00 -2.581343112065253020e+00 -2.577530914658031858e+00 -2.582882186844285055e+00 -5.232249181806884586e+00 -3.279033511557277514e+00
-2.447185881175981681e+00 -2.452435514458784827e+00 -2.447185881175981681e+00 -2.459820614200088240e+00 -4.365515321194672893e+00 -4.657624273168843310e+00
-1.894944352337054605e+00 -2.283897949404245509e+00 -2.338070482596262156e+00 -2.284399415667612399e+00 -3.790468082117988136e+00 -5.458750500388494409e+00
-2.512360874566763602e+00 -2.532519847451024653e+00 -2.548903991953766823e+00 -2.530855312513642819e+00 -5.307298105602819227e+00 -6.311424196813177900e+00
0.000000000000000000e+00 0.000000000000000000e+00 0.000000000000000000e+00 0.000000000000000000e+00 0.000000000000000000e+00 0.000000000000000000e+00
-2.447185881175987898e+00 -2.506414852901712287e+00 -2.515472285388437701e+00 -2.506139041959817515e+00 -4.860904195472105727e+00 -4.355540529226764157e+00
-2.577530914658031858e+00 -2.582802778454599046e+00 -2.577530914658031858e+00 -2.582646504744456895e+00 -6.214575662028584802e+00 -6.146031722875346937e+00
-2.512360874566757385e+00 -2.521130905047989312e+00 -2.512360874566757385e+00 -2.519018859904055940e+00 -6.085538520025308706e+00 -4.378079924317464844e+00
-2.577530914658031858e+00 -2.580565172120913076e+00 -2.577530914658031858e+00 -2.579120812277430730e+00 -5.985223908813869897e+00 -7.869560484449792170e+00
0.000000000000000000e+00 0.000000000000000000e+00 0.000000000000000000e+00 0.000000000000000000e+00 0.000000000000000000e+00 0.000000000000000000e+00
1.837796838380802100e+01 3.135601904422934538e+01 1.837794638118118584e+01 3.135600640918136151e+01 2.235602030486144542e+01 5.235602094240824300e+01
4.447743007434273310e-01 -7.327230089490329723e-01 4.028444678500715526e-01 -7.352878958037584178e-01 -9.704013063687824570e+00 -1.450626200153086298e+00
5.401007270408326733e+00 2.305095748188326521e+00 2.821378957131248644e-01 2.325969303278391465e+00 -6.633926045806231464e+00 4.345241082193562199e-01
-7.251294821405626090e-01 -1.451356632213467446e+00 -7.569597721401203350e-01 -1.452429667299008686e+00 -1.039862548282832933e+01 -1.894669227611224249e+00
0.000000000000000000e+00 0.000000000000000000e+00 0.000000000000000000e+00 0.000000000000000000e+00 0.000000000000000000e+00 0.000000000000000000e+00
-2.167889175901080989e+00 -2.113029635800030892e+00 -2.118991249539425858e+00 -1.448130019962869275e+00 -3.749515662487131529e+00 -3.262953334532345373e+00
-1.810924114763170500e+00 -1.671630104238716941e+00 -1.745281333600296580e+00 4.447743007434273310e-01 -4.330469452822970133e+00 -3.082020298127222002e+00
-2.288606690610309968e+00 -2.219826191854294084e+00 -2.233876452184601735e+00 -1.894944352337054605e+00 -3.216611419662210647e+00 -5.516776979129833336e+00
-2.447185881175987898e+00 -2.477625349064088045e+00 -2.488556033492100639e+00 -2.487698313179729670e+00 -5.759395988597010074e+00 -6.348874507887306784e+00
0.000000000000000000e+00 0.000000000000000000e+00 0.000000000000000000e+00 0.000000000000000000e+00 0.000000000000000000e+00 0.000000000000000000e+00
-2.552639020482256882e+00 -2.555564730456792777e+00 -2.558251678782352379e+00 -2.558241988317565330e+00 -4.868826032957105809e+00 -6.006594469826931793e+00
-2.341724726821981850e+00 -2.401430126092946704e+00 -2.411904065223533067e+00 -2.425147611078893206e+00 -2.663864939398178144e+00 -3.835909219653612645e+00
-2.171075609744302692e+00 -2.350193906693942569e+00 -2.351603907203255517e+00 -2.320061324152035809e+00 -7.715596185969403109e+00 -5.005552934682641286e+00
-2.552639020482256882e+00 -2.556988153895224603e+00 -2.558476935060040258e+00 -2.552639020482256882e+00 -5.311261208108119192e+00 -4.842094854519893410e+00
0.000000000000000000e+00 0.000000000000000000e+00 0.000000000000000000e+00 0.000000000000000000e+00 0.000000000000000000e+00 0.000000000000000000e+00
-2.512360874566763602e+00 -2.525179070092384404e+00 -2.521779900070437730e+00 -2.517642846052978278e+00 -5.270759895477395318e+00 -6.695293562324440728e+00
-2.552639020482256882e+00 -2.560691709053680487e+00 -2.559597935363383314e+00 -2.568424555353512329e+00 -7.199465887414038257e+00 -6.664190344414253175e+00
-2.447185881175987898e+00 -2.479897329354525226e+00 -2.482133157506376087e+00 -2.472103245506715563e+00 -6.365477143574834074e+00 -5.607490333240218838e+00
-2.552639020482256882e+00 -2.555480439521616187e+00 -2.562003467034563275e+00 -2.557101839106071139e+00 -5.531182391007012811e+00 -7.025082190368530988e+00
0.000000000000000000e+00 0.000000000000000000e+00 0.000000000000000000e+00 0.000000000000000000e+00 0.000000000000000000e+00 0.000000000000000000e+00
5.939548697885824735e-01 2.363360730183395653e+00 1.126627830987939394e+00 3.135602093704921955e+01 -7.000000000000000666e-01 -7.000000000000000666e-01
2.337820738923268138e+00 -1.392211274717437108e+00 -1.263629625129818912e+00 -1.395610207795481061e+00 -2.016035254698556045e+00 -2.503139526010310423e+00
2.290372664798353775e+00 -1.214338735307384676e+00 -1.250199226299132382e+00 -1.232558824797893360e+00 -1.381282000000000121e+00 -2.496743217083341460e+00
4.445097338730876757e-01 -1.576102761381902750e+00 -1.574108916345340115e+00 -1.579295698032115558e+00 -2.044346519320000333e+00 -1.990364718704265456e+00
0.000000000000000000e+00 0.000000000000000000e+00 0.000000000000000000e+00 0.000000000000000000e+00 0.000000000000000000e+00 0.000000000000000000e+00
-2.341724726821981850e+00 -2.431888892485269515e+00 -2.423556875543547928e+00 -2.429657498934598259e+00 -3.843926594773005245e+00 -4.717655168851936587e+00
-1.894944352337054605e+00 -2.254815832748783055e+00 -2.307778162911203079e+00 -2.229967796414067838e+00 -6.434192247788613095e+00 -6.057185365494349050e+00
-2.447185881175987898e+00 -2.479435743309181817e+00 -2.498014582569175523e+00 -2.486144884102035046e+00 -6.914284996346281353e+00 -6.381384542340057031e+00
-2.291002794453948166e+00 -2.247969663171867527e+00 -1.894944352337054605e+00 -2.271318254871557585e+00 -3.824255680322445450e+00 -3.714269224614529907e+00
0.000000000000000000e+00 0.000000000000000000e+00 0.000000000000000000e+00 0.000000000000000000e+00 0.000000000000000000e+00 0.000000000000000000e+00
-2.436041967895849147e+00 -2.424172092759862895e+00 -2.341724726821981850e+00 -2.429657091334457952e+00 -4.806486887183503143e+00 -5.299392267927649058e+00
-2.180133697493670475e+00 -2.108746964470087359e+00 -1.448130019962869275e+00 -2.168208671124936426e+00 -5.865926224131641220e+00 -4.759133828443533609e+00
-2.341724726821981850e+00 -2.455239689953386151e+00 -2.458826834891944646e+00 -2.455177709782789375e+00 -6.613177557346543445e+00 -5.099043149280920950e+00
-2.577530914658035410e+00 -2.581029706051696238e+00 -2.584549881364585744e+00 -2.580449338949356353e+00 -5.346855854566821442e+00 -5.864173011308286831e+00
0.000000000000000000e+00 0.000000000000000000e+00 0.000000000000000000e+00 0.000000000000000000e+00 0.000000000000000000e+00 0.000000000000000000e+00
-2.552639020482263099e+00 -2.564374451726108450e+00 -2.572963370985450027e+00 -2.559831475725671268e+00 -3.713935169169733541e+00 -5.059950152877323859e+00
-2.512360874566757385e+00 -2.522932735692530848e+00 -2.512360874566757385e+00 -2.518887696903941542e+00 -6.730898705994230014e+00 -6.687652802589201251e+00
-2.341724726821981850e+00 -2.394231466846850953e+00 -2.370478986537166932e+00 -2.390350194458647159e+00 -4.345972616575817682e+00 -4.836364009254428886e+00
-2.512873816938226756e+00 -2.522933632839249984e+00 -2.512360874566763602e+00 -2.525422313296073806e+00 -5.678559347941222413e+00 -3.869520220930696475e+00
0.000000000000000000e+00 0.000000000000000000e+00 0.000000000000000000e+00 0.000000000000000000e+00 0.000000000000000000e+00 0.000000000000000000e+00
5.401006658051446863e+00 -9.190541639256436524e-01 -9.341893269299808011e-01 -7.054781962160598940e-01 -1.359716346048760016e+00 -1.967846409169058397e+00
1.078632260324232650e-01 4.677212216187967009e-01 1.837740047222340323e+01 -2.689680693393383670e-01 -1.360826456830477316e+00 -5.563327636375379193e-01
4.354543642002976500e-01 -1.576159302733417533e+00 -1.567912320209969179e+00 -1.576156789552082049e+00 -2.576251325380347623e+00 -2.044346519320000333e+00
-1.008449154897549382e+00 -1.008688496332001971e+00 -9.871953702260347630e-01 -1.008775734028669824e+00 -1.971017486606933655e+00 -1.381282000000000121e+00
0.000000000000000000e+00 0.000000000000000000e+00 0.000000000000000000e+00 0.000000000000000000e+00 0.000000000000000000e+00 0.000000000000000000e+00
-2.447185881175987898e+00 -2.470778277356459274e+00 -2.491770010680267600e+00 -2.454379992331370275e+00 -5.353058450175442573e+00 -6.841025735561881760e+00
-2.297785451738846518e+00 -2.341460229197902532e+00 -2.370401814163856535e+00 -2.171075609744302692e+00 -4.679584831292037173e+00 -5.316936161414758999e+00
-2.512360874566757385e+00 -2.532035579754009724e+00 -2.543195316834883091e+00 -2.512360874566757385e+00 -6.506115642496583362e+00 -5.586894791419938500e+00
-2.171071087271133848e+00 -1.907769800552005846e+00 -1.448130019962869275e+00 -2.171608513800825424e+00 -1.061918813652142823e+01 -1.080254031669164050e+01
0.000000000000000000e+00 0.000000000000000000e+00 0.000000000000000000e+00 0.000000000000000000e+00 0.000000000000000000e+00 0.000000000000000000e+00
-2.444596544267926497e+00 -2.341990461618074448e+00 -2.171075609744302692e+00 -2.445378637728916171e+00 -1.118188641222410062e+01 -1.111169116795937661e+01
-1.977711131105173603e+00 -1.806671640816742697e+00 -7.251294821405626090e-01 -1.974489149299441637e+00 -6.937814585969220182e+00 -4.548360906198699816e+00
-2.447185881175987898e+00 -2.486786867449603200e+00 -2.485110310702465242e+00 -2.464945731046323640e+00 -7.138905103084309367e+00 -6.146964419289409953e+00
-2.592914105258663060e+00 -2.594790587761488965e+00 -2.596912121706150600e+00 -2.592914105258663060e+00 -4.968032960533794729e+00 -3.196759025940786980e+00
0.000000000000000000e+00 0.000000000000000000e+00 0.000000000000000000e+00 0.000000000000000000e+00 0.000000000000000000e+00 0.000000000000000000e+00
-2.577530914658035410e+00 -2.582133798691760962e+00 -2.584674515288434726e+00 -2.577530914658035410e+00 -4.282248388774106296e+00 -5.366588378474154375e+00
-2.447185881175987898e+00 -2.478922315284421085e+00 -2.476199057387599822e+00 -2.471563266286461058e+00 -5.231161325227113856e+00 -5.168410777277057555e+00
-2.171075609744302692e+00 -2.341069303477099073e+00 -2.365666602325938062e+00 -2.373547939038873622e+00 -4.316440523499977644e+00 -4.679267646710060902e+00
-2.447185881175987898e+00 -2.500823913347998140e+00 -2.498263724863097224e+00 -2.508492893621888875e+00 -5.199432386348269652e+00 -6.341636232765764269e+00
0.000000000000000000e+00 0.000000000000000000e+00 0.000000000000000000e+00 0.000000000000000000e+00 0.000000000000000000e+00 0.000000000000000000e+00
2.337822493112342581e+00 4.356356010065795537e-01 -7.292501765071417452e-01 2.302590787710209419e+00 -8.481063308275828660e+00 -8.501489059735501286e+00
-1.381282000000000343e-01 1.160818465968580515e+00 3.135602094240826787e+01 5.990736761539967592e-01 5.461465968573886443e-03 5.461461499734254765e-03
-7.251294821405626090e-01 -1.449264234964259046e+00 -1.893947425619934677e+00 -7.635526638262010168e-01 -1.036725840421006772e+01 -1.041423656928689034e+01
5.400748940732428061e+00 -1.094641056153755176e+00 -1.084040899601517172e+00 -1.063987341256061869e+00 -1.381282000000000121e+00 -1.381282000000000121e+00
0.000000000000000000e+00 0.000000000000000000e+00 0.000000000000000000e+00 0.000000000000000000e+00 0.000000000000000000e+00 0.000000000000000000e+00
-2.512360874566757385e+00 -2.516339898799414776e+00 -2.520413882463664823e+00 -2.512360874566757385e+00 -4.888448970948495287e+00 -3.811592185691787815e+00
-2.341724726821981850e+00 -2.400271774164890903e+00 -2.404981905692774369e+00 -2.383628068726683757e+00 -4.262793971426632744e+00 -4.882816081383632323e+00
-2.552639020482253773e+00 -2.555540239803301805e+00 -2.555429633505343912e+00 -2.552639020482252885e+00 -6.664560124415587872e+00 -5.458250664317149337e+00
-1.895250254404151180e+00 -1.454111465377404322e+00 -1.449844662081318347e+00 -1.895842977341631874e+00 -7.251294821405626090e-01 -1.038789553136022725e+01
0.000000000000000000e+00 0.000000000000000000e+00 0.000000000000000000e+00 0.000000000000000000e+00 0.000000000000000000e+00 0.000000000000000000e+00
-2.340979688038797857e+00 -2.171418615632720428e+00 -2.171915518518695354e+00 -2.340682626908541675e+00 -1.894944352337054605e+00 -1.107526609630613557e+01
-1.449635229706524253e+00 -7.342888805044311962e-01 -7.308594130117298526e-01 -1.449301908294732488e+00 4.447743007434273310e-01 -9.702311675811470693e+00
-2.512360874566757385e+00 -2.518372351409997822e+00 -2.517768043238997056e+00 -2.512360874566757385e+00 -7.717066931535149443e+00 -6.345554709201219445e+00
-2.602420917049850679e+00 -2.602872927660526248e+00 -2.602973551024751586e+00 -2.602420917049850679e+00 -4.374843688928168994e+00 -4.936706336218157354e+00
0.000000000000000000e+00 0.000000000000000000e+00 0.000000000000000000e+00 0.000000000000000000e+00 0.000000000000000000e+00 0.000000000000000000e+00
-2.592914105258663060e+00 -2.596077209442585243e+00 -2.593683941294407713e+00 -2.592914105258663060e+00 -5.285403137019410558e+00 -6.893456663563319431e+00
-2.512360874566757385e+00 -2.523310964178379745e+00 -2.515639816556843655e+00 -2.512360874566757385e+00 -4.631937287803745917e+00 -4.862959152270156515e+00
-2.341724726821981850e+00 -2.390202153855551348e+00 -2.388504724277166869e+00 -2.368040970383733956e+00 -6.127445185430584473e+00 -4.648479945432939964e+00
-2.512360874566757385e+00 -2.520674169552932664e+00 -2.518190238631012434e+00 -2.512360874566757385e+00 -3.310087767009442405e+00 -4.224373883935919949e+00
0.000000000000000000e+00 0.000000000000000000e+00 0.000000000000000000e+00 0.000000000000000000e+00 0.000000000000000000e+00 0.000000000000000000e+00
4.287539400967070868e-01 -7.371106003238946380e-01 -7.279354902523590409e-01 4.447743007434273310e-01 -9.710282433849146244e+00 -1.449446045525802029e+00
1.837801955214789729e+01 3.135600925169569209e+01 3.135601390858359139e+01 1.837801331267118954e+01 2.235601235333236048e+01 5.235602094240824300e+01
-1.457065446511812024e+00 -1.895386819525772371e+00 -1.895476863801898615e+00 -1.448130019962869275e+00 -1.079656280972716154e+01 -2.167870107061248053e+00
2.337822493112342581e+00 4.377763254805808746e-01 4.402573019497142415e-01 2.292613478382335312e+00 -8.524589103884366637e+00 -7.284827864893114180e-01
0.000000000000000000e+00 0.000000000000000000e+00 0.000000000000000000e+00 0.000000000000000000e+00 0.000000000000000000e+00 0.000000000000000000e+00
-2.171537681315391488e+00 -1.448130019962869275e+00 -2.171158074610895383e+00 -1.896588787014172661e+00 -1.082040582403548612e+01 -1.083932958513183742e+01
-1.458458719384886138e+00 4.447743007434273310e-01 -1.464666247446321679e+00 -7.311946337395683893e-01 -9.645627230518558193e+00 -9.656191207452884839e+00
-2.340886280558204913e+00 -1.894944352337054605e+00 -2.341078264203130477e+00 -2.171707859183154454e+00 -1.110531060468697362e+01 -1.111593925863724941e+01
-2.515477318903234227e+00 -2.509339027753042739e+00 -2.447185881175987898e+00 -2.494412926696594202e+00 -9.371972175528973992e+00 -8.226981109347851984e+00
0.000000000000000000e+00 0.000000000000000000e+00 0.000000000000000000e+00 0.000000000000000000e+00 0.000000000000000000e+00 0.000000000000000000e+00
-2.577792374204955550e+00 -2.579440590692812396e+00 -2.552639020482256882e+00 -2.561051222499157731e+00 -6.466104023029664916e+00 -9.102951716007826377e+00
-2.450574801002105563e+00 -2.435432997893149043e+00 -2.341724726821981850e+00 -2.419441976682432660e+00 -6.343908177935072779e+00 -7.611246971497285685e+00
-1.448130019962869275e+00 -2.237380030592950320e+00 -2.234003699251174702e+00 -2.082902663124688303e+00 -4.586697336994907559e+00 -6.441229668948982301e+00
-2.447185881175987898e+00 -2.525967341968040181e+00 -2.526221022735944732e+00 -2.509451071504051889e+00 -8.313415424114833030e+00 -3.159802409795813727e+00
0.000000000000000000e+00 0.000000000000000000e+00 0.000000000000000000e+00 0.000000000000000000e+00 0.000000000000000000e+00 0.000000000000000000e+00
-2.341724726821981850e+00 -2.492730619161582339e+00 -2.490857247810233321e+00 -2.469936953250364997e+00 -6.000842421285589090e+00 -5.686697086588421435e+00
-2.552639020482256882e+00 -2.561481437500339631e+00 -2.552639020482256882e+00 -2.559809184882275712e+00 -7.209001619733972355e+00 -6.698704783445073474e+00
-2.451079847059865369e+00 -2.467673414242453234e+00 -2.447185881175987898e+00 -2.460775860750580968e+00 -4.404825770329225954e+00 -5.668078116737709671e+00
-2.552639020482256882e+00 -2.569678027965665468e+00 -2.552639020482256882e+00 -2.561046821071056634e+00 -7.135860012472807767e+00 -4.730915059716836346e+00
0.000000000000000000e+00 0.000000000000000000e+00 0.000000000000000000e+00 0.000000000000000000e+00 0.000000000000000000e+00 0.000000000000000000e+00
1.035761133035703807e+01 3.135602094240826787e+01 1.035761241629261420e+01 1.837801973128100741e+01 9.378018136924330506e+00 9.378017955304670750e+00
-7.251551101155936374e-01 -7.253068726881574113e-01 2.337822493112342581e+00 4.445079923556178314e-01 -8.554703597629520928e+00 -8.555171124570167152e+00
1.035761694240830622e+01 2.314170866722536246e+00 2.331766879958231620e+00 5.361688816005612424e+00 -3.560890532718880674e+00 -3.589490810860750170e+00
4.257064150199112440e-01 -1.448998597084556694e+00 4.447743007434273310e-01 -7.314893265713545700e-01 -9.691699723628687480e+00 -9.689045967622847755e+00
0.000000000000000000e+00 0.000000000000000000e+00 0.000000000000000000e+00 0.000000000000000000e+00 0.000000000000000000e+00 0.000000000000000000e+00
-2.339953494986288796e+00 -1.898436524014358584e+00 -2.340744303060898535e+00 -1.894944352337054605e+00 -1.112505988156693881e+01 -1.102022674290381410e+01
-1.902324048377957766e+00 -7.563665101587933037e-01 -1.900698517102165308e+00 -7.251294821405626090e-01 -1.033867562893249570e+01 -1.033153089746327602e+01
-2.445995579776675477e+00 -2.173851693946029506e+00 -2.445041156714935049e+00 -2.171075609744302692e+00 -1.127476054466506028e+01 -1.123517393839921752e+01
-2.494111759484976432e+00 -2.487781481025038488e+00 -2.341724726821981850e+00 -2.475297066175387695e+00 -9.486975055178790583e+00 -8.008998210720196909e+00
0.000000000000000000e+00 0.000000000000000000e+00 0.000000000000000000e+00 0.000000000000000000e+00 0.000000000000000000e+00 0.000000000000000000e+00
-2.567258570276766516e+00 -2.568663115491658822e+00 -2.512360874566763602e+00 -2.567803322062142346e+00 -9.979142202169089870e+00 -1.046455541803463696e+01
-2.439502791384784874e+00 -2.432227794929510356e+00 -2.171075609744302692e+00 -2.439191284699737672e+00 -1.095584253954048215e+01 -1.059827166587138514e+01
-1.894944352337054605e+00 -2.342768916889380826e+00 -2.344258744066699318e+00 -2.045538511600711207e+00 -7.790482064628331926e+00 -9.489091313705959152e+00
-2.512360874566763602e+00 -2.547475838933834336e+00 -2.545679904770578705e+00 -2.525421676367455515e+00 -6.933867007794832560e+00 -7.006354670303530874e+00
0.000000000000000000e+00 0.000000000000000000e+00 0.000000000000000000e+00 0.000000000000000000e+00 0.000000000000000000e+00 0.000000000000000000e+00
-2.447185881175987898e+00 -2.522587422205158081e+00 -2.522772104641329616e+00 -2.485625645757064017e+00 -5.660991357620274833e+00 -4.860636703844751771e+00
-2.512360874566763602e+00 -2.540214213867814763e+00 -2.512591234743139168e+00 -2.540356004015609681e+00 -7.242724122432459666e+00 -7.225597006996745897e+00
-2.341724726821981850e+00 -2.468924040237658435e+00 -2.367144837513226463e+00 -2.481116213098600642e+00 -8.264827969974415822e+00 -7.713527729000289490e+00
-2.512360874566763602e+00 -2.539715183866380954e+00 -2.518128275364819757e+00 -2.544286132338371864e+00 -6.076339718456710060e+00 -7.127141229974126801e+00
0.000000000000000000e+00 0.000000000000000000e+00 0.000000000000000000e+00 0.000000000000000000e+00 0.000000000000000000e+00 0.000000000000000000e+00
5.400693602707310248e+00 1.837458749004455072e+01 5.400933303058470081e+00 1.837802094240828410e+01 1.357526545358097803e+00 1.357552906117181157e+00
4.442476702295679591e-01 4.445177381907772229e-01 5.401007270408326733e+00 4.447377781758099502e-01 -6.661972154526362822e+00 -6.662053860954318729e+00
5.401007264266635133e+00 -9.989590747387900871e-01 -1.071970044339104700e+00 2.016344958969083501e-01 -1.381282000000000121e+00 -1.381282000000000121e+00
2.337822493112342581e+00 -7.448318108543049432e-01 2.302129530649362543e+00 -7.284430664323918725e-01 -8.531933705792605238e+00 -8.492120404138699286e+00
0.000000000000000000e+00 0.000000000000000000e+00 0.000000000000000000e+00 0.000000000000000000e+00 0.000000000000000000e+00 0.000000000000000000e+00
-2.443603470463179939e+00 -2.435021437638055453e+00 -2.443406535377540489e+00 -2.171075609744302692e+00 -1.064477972262175243e+01 -1.100820208319902882e+01
-2.173935571840408532e+00 -2.173522772827507499e+00 -2.174163517629514875e+00 -1.448130019962869275e+00 -1.046695040738879001e+01 -1.055300760202251098e+01
-2.507248284557152651e+00 -2.508264420069618250e+00 -2.508558452225980062e+00 -2.341724726821981850e+00 -1.115317763160445885e+01 -1.101446532864471628e+01
-2.444249858032971900e+00 -2.179398951862975498e+00 -2.171075609744302692e+00 -2.441400127358160255e+00 -9.882809129135472048e+00 -1.094613020113614610e+01
0.000000000000000000e+00 0.000000000000000000e+00 0.000000000000000000e+00 0.000000000000000000e+00 0.000000000000000000e+00 0.000000000000000000e+00
-2.550550189700195425e+00 -2.448520677561209613e+00 -2.447185881175987898e+00 -2.549828234546935413e+00 -1.090342468667757814e+01 -1.121764753574945139e+01
-2.338021305695729968e+00 -1.929476499905626863e+00 -1.894944352337054605e+00 -2.336829110133392895e+00 -1.090069188139949574e+01 -1.083908250293235653e+01
-2.314354783665146797e+00 -2.425357435638535009e+00 -2.423008343362495598e+00 -2.171075609744302692e+00 -6.791249173953966434e+00 -7.743133488708259016e+00
-2.552639020482263099e+00 -2.567948069821715862e+00 -2.566049360216103192e+00 -2.554036428753606813e+00 -7.105034092588165429e+00 -6.950092093971026230e+00
0.000000000000000000e+00 0.000000000000000000e+00 0.000000000000000000e+00 0.000000000000000000e+00 0.000000000000000000e+00 0.000000000000000000e+00
-2.512360874566763602e+00 -2.555697227504515112e+00 -2.552620575583949059e+00 -2.527580250011402629e+00 -7.054547878340841294e+00 -4.817042643201641994e+00
-2.447185881175987898e+00 -2.498185574634680606e+00 -2.464070800353058921e+00 -2.491941399840997384e+00 -6.858172693224903860e+00 -8.436671988141268841e+00
-2.171075609744302692e+00 -2.395150605557931467e+00 -2.330549484253698900e+00 -2.388343237561462828e+00 -6.025198984965475013e+00 -4.850234270341433174e+00
-2.447185881175987898e+00 -2.499595373316530811e+00 -2.479360225120671224e+00 -2.509920892902429923e+00 -5.277842901541465181e+00 -7.236376029989271430e+00
0.000000000000000000e+00 0.000000000000000000e+00 0.000000000000000000e+00 0.000000000000000000e+00 0.000000000000000000e+00 0.000000000000000000e+00
2.337476304123433213e+00 2.337651103468708857e+00 2.337762087517252230e+00 1.035761694240830622e+01 -3.598659598100681478e+00 -3.598876824918209483e+00
2.337327621836051694e+00 1.035294693617033701e+01 1.035761694240830622e+01 2.337777920903961526e+00 -3.598873998008647490e+00 -3.598940619026168353e+00
2.337822490010799559e+00 -1.298248620921900187e+00 -1.363066796534766922e+00 -1.342340723112653400e+00 -1.354028200000000126e+00 -2.013884116461079898e+00
5.401007225432397973e+00 -9.610188825914691702e-01 -8.272575904669826619e-02 -8.759140299639202043e-01 -1.381282000000000121e+00 -1.356844426000000103e+00
0.000000000000000000e+00 0.000000000000000000e+00 0.000000000000000000e+00 0.000000000000000000e+00 0.000000000000000000e+00 0.000000000000000000e+00
-2.497108990838269538e+00 -2.502726666638338315e+00 -2.499185961754188945e+00 -2.341724726821981850e+00 -1.095304957732931683e+01 -9.068419313458633724e+00
-2.338358108607354602e+00 -2.337606529283312806e+00 -2.339260688875360650e+00 -1.894944352337054605e+00 -9.788970732816187237e+00 -9.658279726868663317e+00
-2.536758381928502448e+00 -2.544956682804583092e+00 -2.542949077783562828e+00 -2.447185881175987898e+00 -1.073926758230813938e+01 -1.069721704173535670e+01
-2.339001958685816174e+00 -1.894944352337054605e+00 -1.903878793178989781e+00 -2.340213260791216054e+00 -1.111701864984401311e+01 -1.107141620262127724e+01
0.000000000000000000e+00 0.000000000000000000e+00 0.000000000000000000e+00 0.000000000000000000e+00 0.000000000000000000e+00 0.000000000000000000e+00
-2.508973153549780566e+00 -2.341724726821981850e+00 -2.346476263316743971e+00 -2.510524571294621143e+00 -1.128516679450080495e+01 -1.113538711980806184e+01
-2.171093956022307037e+00 -1.501855616491476031e+00 -1.448130019962869275e+00 -2.171140612147510307e+00 -1.057334431628675375e+01 -1.059433157963763428e+01
-2.341724726821981850e+00 -2.486992737204070991e+00 -2.481482979045218418e+00 -2.388273434416908980e+00 -8.103952538909362957e+00 -6.799574160058233119e+00
-2.577530914658035410e+00 -2.583937045460645177e+00 -2.585532822621385840e+00 -2.577530914658035410e+00 -5.311296268445477864e+00 -6.017866480333950996e+00
0.000000000000000000e+00 0.000000000000000000e+00 0.000000000000000000e+00 0.000000000000000000e+00 0.000000000000000000e+00 0.000000000000000000e+00
-2.552639020482263099e+00 -2.570276622017066970e+00 -2.570882430940138796e+00 -2.555258057679365535e+00 -7.451973821120193797e+00 -7.236911258293417859e+00
-2.341724726821981850e+00 -2.473447219981340428e+00 -2.465390893262633831e+00 -2.485892648633794000e+00 -8.178799981821446963e+00 -7.111789003354658689e+00
-1.894944352337054605e+00 -2.302834118329855961e+00 -2.315853314951032527e+00 -2.318008884451253415e+00 -6.052034354076563538e+00 -6.740232966847961471e+00
-2.341724726821981850e+00 -2.488952763851362882e+00 -2.493269664864910862e+00 -2.495141225075773850e+00 -8.815534042067792342e+00 -6.806528770119501637e+00
0.000000000000000000e+00 0.000000000000000000e+00 0.000000000000000000e+00 0.000000000000000000e+00 0.000000000000000000e+00 0.000000000000000000e+00
4.446630968000582773e-01 4.447465059071159521e-01 4.443322817986919970e-01 5.401007270408326733e+00 -6.662143490720812800e+00 -6.661941466911271981e+00
5.401005543096497163e+00 1.837799004545543724e+01 1.837802094240828410e+01 5.401006424837444975e+00 1.357615753404548320e+00 1.357611594779186914e+00
4.447743007434273310e-01 -1.449800010962020602e+00 -1.450794460238149286e+00 4.263479183002428230e-01 -9.592646710381274033e+00 -9.694274107978346322e+00
1.035761694240830622e+01 2.287570911443057575e+00 2.310000902520380706e+00 2.278817722993483397e+00 -3.592765466984928047e+00 -3.579429804093793965e+00
0.000000000000000000e+00 0.000000000000000000e+00 0.000000000000000000e+00 0.000000000000000000e+00 0.000000000000000000e+00 0.000000000000000000e+00
-2.519721396091666232e+00 -2.515309443574170967e+00 -2.499063263134120305e+00 -2.447185881175987898e+00 -7.984645332157213282e+00 -9.442881555803060323e+00
-2.400582029889178681e+00 -2.391521336180709500e+00 -2.352652235926409485e+00 -2.171075609744302692e+00 -5.707515639628741866e+00 -6.669136415445152011e+00
-2.552396598102944392e+00 -2.563100896216549796e+00 -2.533333326940655716e+00 -2.512360874566763602e+00 -8.740743540906935394e+00 -8.645588798565150057e+00
-2.168839176932791268e+00 -1.448130019962869275e+00 -2.009305615794345634e+00 -2.171689996337062833e+00 -9.656618958107326733e+00 -9.380931599921037645e+00
0.000000000000000000e+00 0.000000000000000000e+00 0.000000000000000000e+00 0.000000000000000000e+00 0.000000000000000000e+00 0.000000000000000000e+00
-2.410910874100989698e+00 -2.171075609744302692e+00 -2.352460333871156273e+00 -2.429230761887775536e+00 -9.221770724050607271e+00 -7.579724460370497852e+00
-1.896955968848802021e+00 -7.251294821405626090e-01 -1.458615280878151399e+00 -1.896842837037854945e+00 -1.039227241875964758e+01 -1.038789705508096084e+01
-2.478384039066534594e+00 -2.506060053866334236e+00 -2.495620816912530682e+00 -2.447185881175987898e+00 -8.015595412892484006e+00 -4.716723027526461998e+00
-2.592914105258663060e+00 -2.596531962155054885e+00 -2.595892178855015331e+00 -2.592914105258663060e+00 -4.877849342516096698e+00 -5.348113749017743501e+00
0.000000000000000000e+00 0.000000000000000000e+00 0.000000000000000000e+00 0.000000000000000000e+00 0.000000000000000000e+00 0.000000000000000000e+00
-2.577530914658035410e+00 -2.585323952593841845e+00 -2.579527700641220278e+00 -2.577530914658035410e+00 -6.853703880711244700e+00 -4.764073719058927736e+00
-2.448216148855186791e+00 -2.472995840485264996e+00 -2.460696921197818909e+00 -2.447185881175987898e+00 -6.889525947145862972e+00 -6.465114820465977630e+00
-2.171075609744302692e+00 -2.344356121427348505e+00 -2.321261334645601249e+00 -2.232469986168480691e+00 -6.098814190464802110e+00 -4.338024338087562271e+00
-2.459966793944420083e+00 -2.497397765530712466e+00 -2.490418416430854709e+00 -2.447185881175987898e+00 -6.806474225107125520e+00 -4.875417574707286761e+00
0.000000000000000000e+00 0.000000000000000000e+00 0.000000000000000000e+00 0.000000000000000000e+00 0.000000000000000000e+00 0.000000000000000000e+00
-1.336435152696324735e+00 -1.357782719649107017e+00 -1.288761825599400002e+00 2.337821131173590139e+00 -1.959458200000000261e+00 -1.883569749758866596e+00
1.035761248386796396e+01 3.135602094240826787e+01 1.837801964043893577e+01 1.035761380069193827e+01 9.378017489575062982e+00 9.378017228757574486e+00
-1.781812356625844807e+00 -1.821209265227242025e+00 -1.800674708904856480e+00 -7.251523052923286583e-01 -2.622102992872766158e+00 -4.010505503252292492e+00
5.284638255167951826e+00 4.301324711581241966e-01 2.298327534445646858e+00 5.401007270408326733e+00 -6.639325270084369457e+00 -6.632696971581230727e+00
0.000000000000000000e+00 0.000000000000000000e+00 0.000000000000000000e+00 0.000000000000000000e+00 0.000000000000000000e+00 0.000000000000000000e+00
-2.300071910566518163e+00 -1.894944352337054605e+00 -2.300769258855268173e+00 -2.244139800183170497e+00 -6.746638263930154089e+00 -7.024818278236236502e+00
-1.973399916010908139e+00 -7.251294821405626090e-01 -2.013632723098707000e+00 -1.862249842365534480e+00 -6.902249667081067130e+00 -6.375996210160198352e+00
-2.395607061845971497e+00 -2.171075609744302692e+00 -2.404020214429945845e+00 -2.358365541362684503e+00 -7.951293976211093906e+00 -6.446731174772233786e+00
-2.540591756928838763e+00 -2.512360874566757385e+00 -2.512360874566757385e+00 -2.533759480239185180e+00 -8.220497213762572031e+00 -8.286062927793501842e+00
0.000000000000000000e+00 0.000000000000000000e+00 0.000000000000000000e+00 0.000000000000000000e+00 0.000000000000000000e+00 0.000000000000000000e+00
-2.588276974216892068e+00 -2.577530914658031858e+00 -2.577530914658031858e+00 -2.587301523536814862e+00 -6.959265829736048126e+00 -6.463419935926165039e+00
-2.481824811349744309e+00 -2.452563425819858978e+00 -2.447185881175987898e+00 -2.485545116073282212e+00 -8.131066615755177196e+00 -6.173021661482576583e+00
-7.251294821405626090e-01 -1.897249967442894869e+00 -1.898785789963426840e+00 -1.451346448500768993e+00 -1.041160195135574007e+01 -1.035401451185133581e+01
-2.341724726821981850e+00 -2.511893468838141352e+00 -2.511839452765603831e+00 -2.447466705973907253e+00 -1.137928544923692087e+01 -1.128242544520964685e+01
0.000000000000000000e+00 0.000000000000000000e+00 0.000000000000000000e+00 0.000000000000000000e+00 0.000000000000000000e+00 0.000000000000000000e+00
-2.171075609744302692e+00 -2.447072465931574126e+00 -2.447167165799763566e+00 -2.342648454322300289e+00 -1.095908141430436267e+01 -1.129139057843193505e+01
-2.556864595639411153e+00 -2.549729936875249070e+00 -2.512360874566763602e+00 -2.540540837259282814e+00 -8.541934373150107618e+00 -6.946045893225108792e+00
-2.467718894600085644e+00 -2.481711665624817709e+00 -2.341724726821981850e+00 -2.443228456552340777e+00 -6.177739924685132777e+00 -6.877527210022796211e+00
-2.562384838808597909e+00 -2.564172345201096270e+00 -2.512360874566763602e+00 -2.545016082462263629e+00 -6.735673423596780118e+00 -8.918331775833328479e+00
0.000000000000000000e+00 0.000000000000000000e+00 0.000000000000000000e+00 0.000000000000000000e+00 0.000000000000000000e+00 0.000000000000000000e+00
5.364821037536139592e+00 1.837802094240828410e+01 5.359082034594380595e+00 1.029074695959607588e+01 1.325723394210764905e+00 1.349451253160093955e+00
-1.448316119415870018e+00 4.447743007434273310e-01 4.363998600237599668e-01 -7.346079105792160391e-01 -9.639104895934282879e+00 -9.680814349535040719e+00
1.837802094240828410e+01 5.401006300168009311e+00 5.401002289011135993e+00 1.035761536045306030e+01 1.357616809330444374e+00 1.357616057452396552e+00
-7.282859409770755521e-01 -7.302112734202074185e-01 2.337822493112342581e+00 4.300750864540193730e-01 -8.514069535010278855e+00 -8.540698777782260720e+00
0.000000000000000000e+00 0.000000000000000000e+00 0.000000000000000000e+00 0.000000000000000000e+00 0.000000000000000000e+00 0.000000000000000000e+00
-2.396361206214681516e+00 -2.171075609744302692e+00 -2.422666327681549880e+00 -2.248650483383387133e+00 -8.030547596551368628e+00 -8.182500097775410097e+00
-2.179082914980930319e+00 -1.448130019962869275e+00 -2.188395680388788733e+00 -1.896982479362453455e+00 -6.887081702796441718e+00 -7.862920674648862907e+00
-2.451408595911657162e+00 -2.341724726821981850e+00 -2.479207166278177166e+00 -2.372910063874674069e+00 -7.169999594748615479e+00 -8.121555593266005957e+00
-2.474293249002131212e+00 -2.455031835003655516e+00 -2.447185881175987898e+00 -2.493610992587018682e+00 -7.665857241905472463e+00 -7.888495020764359822e+00
0.000000000000000000e+00 0.000000000000000000e+00 0.000000000000000000e+00 0.000000000000000000e+00 0.000000000000000000e+00 0.000000000000000000e+00
-2.563596153631171326e+00 -2.552639020482256882e+00 -2.552639020482256882e+00 -2.575858879914801669e+00 -4.907943797658537832e+00 -6.177637305141192137e+00
-2.472308167179700700e+00 -2.341724726821981850e+00 -2.372347863496030662e+00 -2.468824300718743370e+00 -9.591561804944580771e+00 -9.125018349659164585e+00
-2.172897837136602117e+00 -2.172928064576404861e+00 -2.173828388608362694e+00 -1.448130019962869275e+00 -1.085485062336933204e+01 -1.077919770460829518e+01
-2.552090509528426754e+00 -2.551474271799750948e+00 -2.552221395889671118e+00 -2.447185881175987898e+00 -1.136028674576213859e+01 -1.138735144368414964e+01
0.000000000000000000e+00 0.000000000000000000e+00 0.000000000000000000e+00 0.000000000000000000e+00 0.000000000000000000e+00 0.000000000000000000e+00
-2.511656500194977770e+00 -2.512163488674552525e+00 -2.512298564640747855e+00 -2.341724726821981850e+00 -1.126745559033935962e+01 -1.133279573027527221e+01
-2.536274289523469339e+00 -2.543021670217798125e+00 -2.447185881175987898e+00 -2.546443367476911135e+00 -1.061596449880589965e+01 -1.108444950223215031e+01
-2.439540783793249457e+00 -2.439055061314023387e+00 -2.171075609744302692e+00 -2.444376455906918988e+00 -1.057911236540716793e+01 -1.040523506330357861e+01
-2.548202595813584548e+00 -2.548126602387093431e+00 -2.447185881175987898e+00 -2.548672964309795397e+00 -1.094074430917082807e+01 -1.097985952967466083e+01
0.000000000000000000e+00 0.000000000000000000e+00 0.000000000000000000e+00 0.000000000000000000e+00 0.000000000000000000e+00 0.000000000000000000e+00
-4.428336896794253796e-01 -4.883200435427044184e-01 -2.850568890233526886e-01 1.035761620236596769e+01 -2.071424677022395855e+00 -1.364901037772208170e+00
-1.175131152084535113e+00 2.337821681783134320e+00 -1.130559012781709560e+00 -1.146874588880296253e+00 -1.897462766517251875e+00 -1.894154777754652574e+00
2.336108658313737596e+00 2.337407369539933555e+00 2.337780871382266312e+00 1.035761694240830622e+01 -3.598948075194354779e+00 -3.598869389873296409e+00
4.424600156759064817e-01 4.447305925952396155e-01 5.401007270408326733e+00 4.447275442002184831e-01 -6.662097964485401924e+00 -6.661632106214237403e+00
0.000000000000000000e+00 0.000000000000000000e+00 0.000000000000000000e+00 0.000000000000000000e+00 0.000000000000000000e+00 0.000000000000000000e+00
-2.418529981001619866e+00 -2.341724726821981850e+00 -2.439045092854940755e+00 -2.396997106441710379e+00 -5.540163228433391929e+00 -5.889613198731197485e+00
-2.315063016323236855e+00 -1.894944352337054605e+00 -2.298863037614665039e+00 -2.080725433711457573e+00 -7.540466641254111479e+00 -6.757266702005213510e+00
-2.503078661269174887e+00 -2.447185881175987898e+00 -2.493925345695639173e+00 -2.461594290682296293e+00 -6.464713294548740663e+00 -9.026354505218208146e+00
-2.477392554970059280e+00 -2.341724726821981850e+00 -2.360005362901169246e+00 -2.494597048058242450e+00 -8.879029201264144078e+00 -9.868844933325524593e+00
0.000000000000000000e+00 0.000000000000000000e+00 0.000000000000000000e+00 0.000000000000000000e+00 0.000000000000000000e+00 0.000000000000000000e+00
-2.549570278145837587e+00 -2.512360874566763602e+00 -2.513180278930626788e+00 -2.547717680966816722e+00 -7.752259938384781890e+00 -6.929626455241734817e+00
-2.384068993409778514e+00 -2.171075609744302692e+00 -2.282284894424595478e+00 -2.398566408775735681e+00 -6.817512775757157861e+00 -6.575651310464649235e+00
-2.347694401461928759e+00 -2.344213404338210349e+00 -2.344127305950185480e+00 -1.894944352337054605e+00 -1.065518780002149235e+01 -1.066520175263686454e+01
-2.576065807076438841e+00 -2.576698488544078458e+00 -2.576769781272593818e+00 -2.512360874566763602e+00 -1.061303258100555702e+01 -1.093611622646785797e+01
0.000000000000000000e+00 0.000000000000000000e+00 0.000000000000000000e+00 0.000000000000000000e+00 0.000000000000000000e+00 0.000000000000000000e+00
-2.550873339613668467e+00 -2.551532784340267757e+00 -2.551607408615287564e+00 -2.447185881175987898e+00 -1.091597444996303601e+01 -1.110924941983384784e+01
-2.504097817370756207e+00 -2.508765575987270680e+00 -2.341724726821981850e+00 -2.509535815368771239e+00 -1.060908471308524703e+01 -1.114325106119196107e+01
-2.340439146844907281e+00 -2.341129195018435194e+00 -1.894944352337054605e+00 -2.341503735681021769e+00 -1.094943796804767722e+01 -1.094474702118385423e+01
-2.505556268359997674e+00 -2.511214767058797204e+00 -2.341724726821981850e+00 -2.510832523512535719e+00 -1.114467809965237599e+01 -1.122293737705545880e+01
0.000000000000000000e+00 0.000000000000000000e+00 0.000000000000000000e+00 0.000000000000000000e+00 0.000000000000000000e+00 0.000000000000000000e+00
-8.190498759190010247e-01 5.401006751006425688e+00 -6.674214902308333031e-01 -3.284448044769475716e-01 -1.354028200000000126e+00 -1.367742451078628019e+00
-8.208151718253690055e-01 5.401006089461928283e+00 -8.196401536770542284e-01 -8.227598528716304482e-01 -2.519479900000000328e+00 -1.956430000000000113e+00
4.443155847304837147e-01 4.446304866362967290e-01 4.447443729615319086e-01 5.401007270408326733e+00 -6.661954471917736598e+00 -6.661810288420433324e+00
2.336949851988974203e+00 2.337346937743838726e+00 1.035761694240830622e+01 2.337574284168530969e+00 -3.598784949761292928e+00 -3.598940802767744085e+00
0.000000000000000000e+00 0.000000000000000000e+00 0.000000000000000000e+00 0.000000000000000000e+00 0.000000000000000000e+00 0.000000000000000000e+00
-2.516074467206752985e+00 -2.447185881175987898e+00 -2.508413795430334936e+00 -2.452837671368528483e+00 -6.123412272585787797e+00 -8.015518898174434526e+00
-2.421350481330011739e+00 -2.171075609744302692e+00 -2.414078825398996653e+00 -2.225132592934906395e+00 -8.615432968128462932e+00 -8.321388703334969605e+00
-2.546570120517646973e+00 -2.512360874566763602e+00 -2.550392617186949984e+00 -2.514292158107662267e+00 -8.208281599673172835e+00 -9.639222154489319294e+00
-2.380442528688359705e+00 -2.171075609744302692e+00 -2.294127718394188609e+00 -2.387370004720383410e+00 -5.991745325754894935e+00 -6.011544345655416954e+00
0.000000000000000000e+00 0.000000000000000000e+00 0.000000000000000000e+00 0.000000000000000000e+00 0.000000000000000000e+00 0.000000000000000000e+00
-2.506446787057139858e+00 -2.447185881175987898e+00 -2.459960905796451769e+00 -2.498702502630787858e+00 -6.544379343104014701e+00 -8.398123154226981413e+00
-2.283521649262933106e+00 -1.894944352337054605e+00 -2.068865385140771895e+00 -2.283611410541003917e+00 -8.228200906744923770e+00 -3.196172031491004262e+00
-2.446280558855034482e+00 -2.447087194087048001e+00 -2.446954318193371947e+00 -2.171075609744302692e+00 -1.023815960207715925e+01 -1.074839142826263227e+01
-2.588642197600007577e+00 -2.590067933338488171e+00 -2.588735609362495804e+00 -2.552639020482263099e+00 -1.081872728134391792e+01 -1.010795701338449248e+01
0.000000000000000000e+00 0.000000000000000000e+00 0.000000000000000000e+00 0.000000000000000000e+00 0.000000000000000000e+00 0.000000000000000000e+00
-2.573815481680579609e+00 -2.573777570032196760e+00 -2.572761005880387142e+00 -2.512360874566763602e+00 -9.980858111702412216e+00 -1.067019956985653018e+01
-2.171075609744302692e+00 -2.445678089342014694e+00 -2.446536098696413308e+00 -2.445229490406677364e+00 -1.118880334068361115e+01 -1.128893578495117467e+01
-1.448130019962869275e+00 -2.171717763514429134e+00 -2.172102407164444138e+00 -2.172117449039275172e+00 -1.081463430369118051e+01 -1.080837989999635518e+01
-2.171075609744302692e+00 -2.446925093910938820e+00 -2.446957590405279159e+00 -2.446594933844274511e+00 -1.122890489973950601e+01 -1.116969897392801236e+01
0.000000000000000000e+00 0.000000000000000000e+00 0.000000000000000000e+00 0.000000000000000000e+00 0.000000000000000000e+00 0.000000000000000000e+00
-7.275627225597439685e-01 2.337822493112342581e+00 -7.775211248298865563e-01 2.324566249260604067e+00 -8.530970133044307957e+00 -8.535140469829507026e+00
2.302751607639016651e+00 1.035761694240830622e+01 1.029200340531767921e+01 2.318846360780538074e+00 -3.592639899980328622e+00 -3.461430852700007943e+00
-7.251882658563808537e-01 -7.251997229304328885e-01 -7.253039712155555652e-01 2.337822493112342581e+00 -8.555178242373576936e+00 -8.554711988096958208e+00
1.837802094240828410e+01 5.401002420715820485e+00 5.400992058950273567e+00 5.401003361848443873e+00 1.357616666215520240e+00 1.357616004273921595e+00
0.000000000000000000e+00 0.000000000000000000e+00 0.000000000000000000e+00 0.000000000000000000e+00 0.000000000000000000e+00 0.000000000000000000e+00
-2.544522178765506570e+00 -2.512360874566757385e+00 -2.530100070381587685e+00 -2.512360874566757385e+00 -5.356659621472157795e+00 -4.828049102479882393e+00
-2.412800527012076479e+00 -2.384815600748170894e+00 -2.412702113566017381e+00 -2.341724726821981850e+00 -5.604814213655084920e+00 -6.175919438144589435e+00
-2.573421506605467091e+00 -2.552639020482256882e+00 -2.564558073582051012e+00 -2.552639020482256882e+00 -7.384785708541134142e+00 -7.252387454221719487e+00
-2.311945991600452999e+00 -1.894944352337054605e+00 -2.214229608462653598e+00 -2.307710407191571722e+00 -6.274557903376882351e+00 -8.798162997554035414e+00
0.000000000000000000e+00 0.000000000000000000e+00 0.000000000000000000e+00 0.000000000000000000e+00 0.000000000000000000e+00 0.000000000000000000e+00
-2.477766879660829868e+00 -2.341724726821981850e+00 -2.440170361352660855e+00 -2.481601128731275807e+00 -8.382959847223279581e+00 -6.704783983424488447e+00
-2.178992221912419147e+00 -1.448130019962869275e+00 -2.061097951508290560e+00 -2.179462890629272120e+00 -5.567660935263861965e+00 -7.196536264964624507e+00
-2.485157985115867607e+00 -2.475746734967759100e+00 -2.473419924943878634e+00 -2.341724726821981850e+00 -6.072503296703394504e+00 -5.822445569216130323e+00
-2.591640645030377943e+00 -2.591330681070695974e+00 -2.585402566690748305e+00 -2.577530914658035410e+00 -8.023597068909049668e+00 -8.226127336807277146e+00
0.000000000000000000e+00 0.000000000000000000e+00 0.000000000000000000e+00 0.000000000000000000e+00 0.000000000000000000e+00 0.000000000000000000e+00
-2.578932630888657762e+00 -2.572405775160498731e+00 -2.567223139231440854e+00 -2.552639020482263099e+00 -7.480389210905611819e+00 -6.485420277010452317e+00
-2.384630088728545871e+00 -2.416024421889611418e+00 -2.412782806702786331e+00 -2.341724726821981850e+00 -6.049082292060915300e+00 -4.285680028761372995e+00
-2.079979567623182479e+00 -2.263633757963459558e+00 -2.206089809234927035e+00 -1.894944352337054605e+00 -6.410595267630278649e+00 -5.196437319122058085e+00
-2.421913893021834241e+00 -2.447623911882739201e+00 -2.433080407062130135e+00 -2.341724726821981850e+00 -6.626538132390884073e+00 -5.086774998397525671e+00
0.000000000000000000e+00 0.000000000000000000e+00 0.000000000000000000e+00 0.000000000000000000e+00 0.000000000000000000e+00 0.000000000000000000e+00
-1.393822040482846081e+00 -1.383525012137746035e+00 -1.345062774863120980e+00 4.285343725886905930e-01 -2.030327542554696940e+00 -1.969987009163988834e+00
-2.333210468876967258e-03 1.837802094240772988e+01 1.714624102433320196e+00 -3.914713025115976741e-01 -1.727264971385928050e+00 -5.559668140316068596e-01
-1.707123204195846178e+00 -1.705543099885908465e+00 -1.633469438698578857e+00 4.447516520580262478e-01 -2.603903268184229791e+00 -2.025838424914355507e+00
2.016020687956114887e-01 -3.494443344452088374e-01 2.380597398610613258e-01 1.035761685799243637e+01 -3.057568091679620181e+00 -1.970587329285818479e+00
0.000000000000000000e+00 0.000000000000000000e+00 0.000000000000000000e+00 0.000000000000000000e+00 0.000000000000000000e+00 0.000000000000000000e+00
-2.352229737447288027e+00 -2.171075609744302692e+00 -2.333540667088578324e+00 -2.336250497752835553e+00 -7.600872030441710336e+00 -5.308241657114791678e+00
-2.147725562233957941e+00 -1.448130019962869275e+00 -2.052821815607158484e+00 -2.079260661244749731e+00 -4.701355173248408015e+00 -4.754574194142331400e+00
-2.457936782533240549e+00 -2.341724726821981850e+00 -2.419220090982221905e+00 -2.421074805437693822e+00 -5.744985644621712240e+00 -6.485009877254511501e+00
-2.570695067668078426e+00 -2.552639020482252885e+00 -2.561107547083796288e+00 -2.560543980949425258e+00 -6.149990149843111986e+00 -6.101400583282525325e+00
0.000000000000000000e+00 0.000000000000000000e+00 0.000000000000000000e+00 0.000000000000000000e+00 0.000000000000000000e+00 0.000000000000000000e+00
-2.598196051707694743e+00 -2.592914105258660395e+00 -2.595295212249639327e+00 -2.594872370171810605e+00 -6.190773288070333003e+00 -5.375795717746502334e+00
-2.543037795723054550e+00 -2.512360874566763602e+00 -2.523417642427639329e+00 -2.518879240444235723e+00 -8.028890946746823687e+00 -8.850510965648656025e+00
4.447743007434273310e-01 -1.454574114151390152e+00 -7.340809960660592548e-01 -7.401508206640153853e-01 -9.595752657760955984e+00 -9.661245139945451754e+00
-2.171075609744302692e+00 -2.446705036784177612e+00 -2.342013667622794948e+00 -2.341855881777386905e+00 -1.131559151777664063e+01 -1.129497974634175250e+01
0.000000000000000000e+00 0.000000000000000000e+00 0.000000000000000000e+00 0.000000000000000000e+00 0.000000000000000000e+00 0.000000000000000000e+00
-1.894944352337054605e+00 -2.341761222650879937e+00 -2.172032780431711885e+00 -2.171963444945926636e+00 -1.106739536791466527e+01 -1.111671014336068808e+01
-2.570934901580870680e+00 -2.552639020482256882e+00 -2.558515332184059687e+00 -2.560914358243060462e+00 -7.802354364101964812e+00 -7.768957791250785228e+00
-2.500348161208680420e+00 -2.447185881175987898e+00 -2.493320631246193742e+00 -2.487514270257852544e+00 -4.322268077087021432e+00 -6.762971957596489503e+00
-2.563037950620087546e+00 -2.552639020482263099e+00 -2.556756131251739728e+00 -2.562165560318786728e+00 -8.092468698450513642e+00 -6.449542008393645887e+00
0.000000000000000000e+00 0.000000000000000000e+00 0.000000000000000000e+00 0.000000000000000000e+00 0.000000000000000000e+00 0.000000000000000000e+00
2.319396862096753775e+00 1.035761694240830622e+01 5.247213008245289245e+00 5.367525050185453672e+00 -3.594419959649890473e+00 -3.593731282810113115e+00
-1.894656109530530097e+00 -7.251294821405626090e-01 -1.448910344619545931e+00 -1.450145941717141840e+00 -1.039965671028946659e+01 -1.040888476696759390e+01
3.135602094240826787e+01 1.035761168744706140e+01 1.837801805118170151e+01 1.837801273260863155e+01 9.378018684787587489e+00 9.378017455988262085e+00
-1.450304957907236902e+00 4.447743007434273310e-01 -7.284630676645417191e-01 -7.302880800699410591e-01 -9.665929669017097936e+00 -9.660648583621620489e+00
0.000000000000000000e+00 0.000000000000000000e+00 0.000000000000000000e+00 0.000000000000000000e+00 0.000000000000000000e+00 0.000000000000000000e+00
-2.475379296371112314e+00 -2.341724726821981850e+00 -2.470426140915618518e+00 -2.429722513742995638e+00 -8.703881031185904504e+00 -8.016144209218669658e+00
-2.299009221706034722e+00 -1.894944352337054605e+00 -2.310139585510627924e+00 -2.237195900665671200e+00 -5.216960019921379477e+00 -7.169622525610987118e+00
-2.498914415501699793e+00 -2.447185881175987898e+00 -2.508641659369786669e+00 -2.487959262409646488e+00 -6.389192007841895560e+00 -7.652509096125988286e+00
-2.533794517122585077e+00 -2.512360874566757385e+00 -2.512360874566757385e+00 -2.527454112373579864e+00 -8.398844769186171177e+00 -6.524985281781308544e+00
0.000000000000000000e+00 0.000000000000000000e+00 0.000000000000000000e+00 0.000000000000000000e+00 0.000000000000000000e+00 0.000000000000000000e+00
-2.584071862413165999e+00 -2.577530914658031858e+00 -2.577530914658031858e+00 -2.582187794158747440e+00 -5.342376864777680368e+00 -4.408998732119612463e+00
-2.495761567505878631e+00 -2.447185881175987898e+00 -2.449632182635185895e+00 -2.479047835205792083e+00 -6.455569683151436422e+00 -5.782682038960770043e+00
-2.359285504192829563e+00 -1.894944352337054605e+00 -2.357086668967196985e+00 -2.283685031329864223e+00 -7.855382609559615759e+00 -7.408205732302019619e+00
-2.552397842424414698e+00 -2.512360874566763602e+00 -2.555322946967720998e+00 -2.543700591792017907e+00 -6.456220099286280600e+00 -7.248021850550283141e+00
0.000000000000000000e+00 0.000000000000000000e+00 0.000000000000000000e+00 0.000000000000000000e+00 0.000000000000000000e+00 0.000000000000000000e+00
-2.528544576991720305e+00 -2.447185881175987898e+00 -2.528213316758475937e+00 -2.515673305727499365e+00 -6.811568126941589973e+00 -4.864072641937648989e+00
-2.526858515833673380e+00 -2.512360874566757385e+00 -2.512360874566757385e+00 -2.529840991738756539e+00 -7.620438672264494784e+00 -6.979625592619056462e+00
-2.428008386595965629e+00 -2.341724726821981850e+00 -2.372709764327896487e+00 -2.423209966102715107e+00 -4.654805511222430248e+00 -6.122677227192848903e+00
-2.540655086564000520e+00 -2.512360874566763602e+00 -2.517141164039754297e+00 -2.531465564720722483e+00 -7.300295295299363829e+00 -7.516757651343004554e+00
0.000000000000000000e+00 0.000000000000000000e+00 0.000000000000000000e+00 0.000000000000000000e+00 0.000000000000000000e+00 0.000000000000000000e+00
-5.564826097283118722e-01 -9.614891146942117217e-02 -5.166488048538879774e-01 -5.103007985508586364e-01 -1.356981092989058446e+00 -7.000000000000000666e-01
-1.018617344872733144e+00 -9.060148201445785698e-01 -1.029668114000348078e+00 -1.010651163013900566e+00 -1.362279596909978352e+00 -2.547036039237811078e+00
-9.038453213079961079e-01 5.400764623671853393e+00 -8.174740168040610655e-01 -8.745105720887422773e-01 -1.894240105043130118e+00 -1.381282000000000121e+00
-8.892297242370106325e-01 2.337452886119668172e+00 -9.017656699614866600e-01 -9.167940004471635262e-01 -1.359463516180000164e+00 -1.381282000000000121e+00
0.000000000000000000e+00 0.000000000000000000e+00 0.000000000000000000e+00 0.000000000000000000e+00 0.000000000000000000e+00 0.000000000000000000e+00
-2.487762392753879226e+00 -2.449611114040601390e+00 -2.473993562463703277e+00 -2.447185881175987898e+00 -4.415776312078686594e+00 -4.889197477411329373e+00
-2.358565491242272660e+00 -2.171075609744302692e+00 -2.330438208364267183e+00 -2.256833559632843489e+00 -6.135513037095749134e+00 -4.366058488185428743e+00
-2.526828219372770690e+00 -2.512360874566757385e+00 -2.522627569648283163e+00 -2.512360874566757385e+00 -4.624918078230495944e+00 -5.794923800284603743e+00
-2.495662241082262423e+00 -2.447185881175987898e+00 -2.484753394823543626e+00 -2.512139436266916270e+00 -6.813942316713427871e+00 -8.526095089225554702e+00
0.000000000000000000e+00 0.000000000000000000e+00 0.000000000000000000e+00 0.000000000000000000e+00 0.000000000000000000e+00 0.000000000000000000e+00
-2.573293302377823721e+00 -2.552639020482256882e+00 -2.564325219308678072e+00 -2.569755475407119238e+00 -7.275968658695368241e+00 -6.123900968522655752e+00
-2.432215176142860091e+00 -2.341724726821981850e+00 -2.429846858548708965e+00 -2.452692310064568115e+00 -7.871590570057999336e+00 -5.614072182047507908e+00
-2.412933997686277809e+00 -2.171075609744302692e+00 -2.374609105854010416e+00 -2.331604186449474980e+00 -5.273684344485971565e+00 -8.285559258969913188e+00
-2.567857165927745378e+00 -2.552639020482256882e+00 -2.563232069001757374e+00 -2.552639020482256882e+00 -6.215466035908844944e+00 -7.405883151159742717e+00
0.000000000000000000e+00 0.000000000000000000e+00 0.000000000000000000e+00 0.000000000000000000e+00 0.000000000000000000e+00 0.000000000000000000e+00
-2.534886983842429498e+00 -2.512360874566763602e+00 -2.534613008951896340e+00 -2.521703634858103449e+00 -6.500685907401637209e+00 -7.671358137784799247e+00
-2.511027047909486498e+00 -2.447185881175987898e+00 -2.492949231788690323e+00 -2.516869831536229896e+00 -7.092623858632669531e+00 -5.990331902494920868e+00
-2.388757353987447818e+00 -2.171075609744302692e+00 -2.359961340622117820e+00 -2.391979439437196042e+00 -7.145774857643504063e+00 -7.989180638886395514e+00
-2.517462126627654229e+00 -2.447185881175987898e+00 -2.508294545335985060e+00 -2.523384458414775988e+00 -7.368344905094243558e+00 -7.093940805075163780e+00
0.000000000000000000e+00 0.000000000000000000e+00 0.000000000000000000e+00 0.000000000000000000e+00 0.000000000000000000e+00 0.000000000000000000e+00
-6.528749521716904480e-01 -6.602018950598549374e-01 -6.215029909996245827e-01 -6.113551463926892859e-01 -7.000000000000000666e-01 -1.351000000000000201e+00
-9.129422079072281315e-01 -9.452039979710994411e-01 -9.189661603101335619e-01 -9.414670603455380649e-01 -1.381282000000000121e+00 -1.381282000000000121e+00
-9.808135979701073648e-01 2.337760797080581820e+00 -9.644786555822719709e-01 -7.761348404710242121e-01 -2.025986476553569116e+00 -1.381282000000000121e+00
-8.644615776195023749e-01 5.400890766664494080e+00 -6.328807875936299787e-01 -8.463451512194014592e-01 -2.525324326000000230e+00 -1.740718899278181908e+00
0.000000000000000000e+00 0.000000000000000000e+00 0.000000000000000000e+00 0.000000000000000000e+00 0.000000000000000000e+00 0.000000000000000000e+00
-2.549420139609880565e+00 -2.512360874566763602e+00 -2.547117606467111273e+00 -2.523357903961459314e+00 -7.824108147623480392e+00 -7.725103312406832679e+00
-2.460875901149648826e+00 -2.341724726821981850e+00 -2.471004022176057191e+00 -2.434991305952215690e+00 -8.641399847236815646e+00 -8.687897865305478362e+00
-2.568355233976269414e+00 -2.552639020482256882e+00 -2.559459333340863729e+00 -2.559315227261555581e+00 -7.205877878254109525e+00 -7.953223487610268094e+00
-2.452170211260238819e+00 -2.341724726821981850e+00 -2.380172639505804266e+00 -2.410465577581953678e+00 -6.330825096588170275e+00 -7.178207415550621917e+00
0.000000000000000000e+00 0.000000000000000000e+00 0.000000000000000000e+00 0.000000000000000000e+00 0.000000000000000000e+00 0.000000000000000000e+00
-2.538733915548244013e+00 -2.512360874566757385e+00 -2.512360874566757385e+00 -2.532387158614509470e+00 -3.844344037507275047e+00 -5.337368943990834502e+00
-2.365095733427649449e+00 -2.171075609744302692e+00 -2.254713665824550795e+00 -2.319262691192015335e+00 -5.715906281012075318e+00 -6.672865318907687637e+00
-2.501492356918376458e+00 -2.341724726821981850e+00 -2.502248048454412732e+00 -2.461854141312345590e+00 -8.024475096471331170e+00 -7.894756950331244916e+00
-2.589767372338711127e+00 -2.577530914658041628e+00 -2.589786401399740257e+00 -2.585432507073257558e+00 -5.954169339913464754e+00 -5.767044095079717714e+00
0.000000000000000000e+00 0.000000000000000000e+00 0.000000000000000000e+00 0.000000000000000000e+00 0.000000000000000000e+00 0.000000000000000000e+00
-2.581826560344185229e+00 -2.552639020482263099e+00 -2.579472879438728494e+00 -2.570735498118310591e+00 -7.758574811624914247e+00 -7.182197513051468363e+00
-1.894944352337054605e+00 -2.341275380821485008e+00 -2.341393408995604997e+00 -2.171295020266595266e+00 -1.107857208198793586e+01 -1.114338903065371866e+01
-7.251294821405626090e-01 -1.896405420190798718e+00 -1.896603636738493748e+00 -1.459421792024336861e+00 -1.035472050345095418e+01 -1.040296050693794783e+01
-1.894944352337054605e+00 -2.341728604687864035e+00 -2.341741940727765314e+00 -2.173850046759965515e+00 -1.110517113467600581e+01 -1.110958297283680274e+01
0.000000000000000000e+00 0.000000000000000000e+00 0.000000000000000000e+00 0.000000000000000000e+00 0.000000000000000000e+00 0.000000000000000000e+00
-1.449740764243494962e+00 4.447743007434273310e-01 -1.473946055588359005e+00 -7.302372858856575055e-01 -9.691705242558102285e+00 -9.689262835327170365e+00
4.340437101954852106e-01 5.401007270408326733e+00 5.285103644717600524e+00 2.317268878900023310e+00 -6.594205505305126280e+00 -6.644613756102763169e+00
-1.450131542122677697e+00 4.447743007434273310e-01 -1.469886684040510483e+00 -7.323229388028298370e-01 -9.696298929430671620e+00 -9.689448629495187149e+00
3.135602094240826787e+01 1.035761571987147178e+01 1.035740437897293553e+01 1.837802050545119670e+01 9.378015436376005098e+00 9.378015148133748369e+00
0.000000000000000000e+00 0.000000000000000000e+00 0.000000000000000000e+00 0.000000000000000000e+00 0.000000000000000000e+00 0.000000000000000000e+00
-2.573321662177890712e+00 -2.552639020482252885e+00 -2.564318552260230089e+00 -2.552639020482253773e+00 -7.218399948825891421e+00 -5.356806929048680388e+00
-2.460435236030191319e+00 -2.450596508456392986e+00 -2.460773530675119058e+00 -2.447185881175987898e+00 -7.972505207832913499e+00 -5.640478469866819111e+00
-2.585712239133702628e+00 -2.577530914658031858e+00 -2.583609597495515775e+00 -2.577530914658031858e+00 -6.375379856994587868e+00 -5.963336762283845793e+00
-2.397406072890067463e+00 -2.171075609744302692e+00 -2.346090364509338055e+00 -2.388304964080512072e+00 -7.583480947403418604e+00 -5.968858516050702612e+00
0.000000000000000000e+00 0.000000000000000000e+00 0.000000000000000000e+00 0.000000000000000000e+00 0.000000000000000000e+00 0.000000000000000000e+00
-2.508709513484882248e+00 -2.447185881175987898e+00 -2.483328670326578003e+00 -2.506342115185661523e+00 -8.929850117522613928e+00 -6.753674662875179813e+00
-2.302253720962154748e+00 -1.894944352337054605e+00 -2.261676149553285775e+00 -2.303800075764801836e+00 -7.031203857553775194e+00 -5.946644485890097975e+00
-2.519891138421952448e+00 -2.488134121851883318e+00 -2.505907316106813276e+00 -2.447185881175987898e+00 -5.323077206757782065e+00 -7.179067302004335183e+00
-2.600086843441684614e+00 -2.592914105258663060e+00 -2.594322341353198613e+00 -2.592914105258664836e+00 -4.383702410305965635e+00 -6.164592283698941522e+00
0.000000000000000000e+00 0.000000000000000000e+00 0.000000000000000000e+00 0.000000000000000000e+00 0.000000000000000000e+00 0.000000000000000000e+00
-2.581832159248409919e+00 -2.577531127950266399e+00 -2.581342537740565657e+00 -2.577530914658035410e+00 -4.732455292459553320e+00 -7.021822353092516344e+00
-2.299742981315142210e+00 -2.348704741261060214e+00 -2.329121226086179330e+00 -2.171075609744302692e+00 -4.233899500765899937e+00 -5.486305536137174421e+00
-2.072014099533038056e+00 -2.129609075716524469e+00 -2.100678312904138423e+00 -1.448130019962869275e+00 -4.542158037398370318e+00 -5.172660594788328403e+00
-2.300309554782413279e+00 -2.400672469016867261e+00 -2.369344876717352832e+00 -2.171075609744302692e+00 -3.787376813364184525e+00 -4.709355653637539163e+00
0.000000000000000000e+00 0.000000000000000000e+00 0.000000000000000000e+00 0.000000000000000000e+00 0.000000000000000000e+00 0.000000000000000000e+00
-1.599307323232332712e+00 -1.595594330610604406e+00 -1.603805535346601197e+00 -7.334766743902696451e-01 -3.549491123470418952e+00 -2.017821485932000058e+00
-7.038677477373730396e-01 1.035714100507588853e+01 -6.748840010202946660e-01 -7.471989723642719072e-01 -7.000000000000000666e-01 -7.000000000000000666e-01
-1.826933989392570457e+00 -1.823171836047157823e+00 -1.822172371449952699e+00 -7.314274177172696012e-01 -3.119577011018650481e+00 -2.622631218434060774e+00
1.068874540404072926e+00 -2.180021068546718621e-01 -2.660996522287600308e-01 1.837799736562564235e+01 -7.000000000000000666e-01 -3.063215422835264268e-01
0.000000000000000000e+00 0.000000000000000000e+00 0.000000000000000000e+00 0.000000000000000000e+00 0.000000000000000000e+00 0.000000000000000000e+00
-2.393207361697484714e+00 -2.341724726821981850e+00 -2.397147374510089080e+00 -2.400775294427603956e+00 -4.403025280846735612e+00 -3.238670091116408134e+00
-2.194113145827853550e+00 -1.894944352337054605e+00 -2.197018062611113987e+00 -2.198967547860773308e+00 -4.295524467937487323e+00 -3.784516854607228975e+00
-2.470565631695982756e+00 -2.447185881175987898e+00 -2.470473600885790155e+00 -2.475517246645555058e+00 -6.527209600865854000e+00 -7.407919385337268459e+00
-2.582809066166601220e+00 -2.577530914658029193e+00 -2.581350420956406655e+00 -2.578568752096981775e+00 -6.439563925041613679e+00 -4.254679009362127395e+00
0.000000000000000000e+00 0.000000000000000000e+00 0.000000000000000000e+00 0.000000000000000000e+00 0.000000000000000000e+00 0.000000000000000000e+00
-2.603671188228590339e+00 -2.602420917049848903e+00 -2.602971893983042850e+00 -2.604344353432462622e+00 -6.694991905099446861e+00 -5.787131742500194242e+00
-2.559376605457821530e+00 -2.552639020482256882e+00 -2.555457742082690054e+00 -2.559840540395903474e+00 -6.179502474877351936e+00 -5.856362390113618588e+00
4.341371404737058848e-01 -7.396899909828503761e-01 4.383925744628701104e-01 4.294867165757217387e-01 2.337822493112342581e+00 -8.515168261803490068e+00
-2.171516510524840182e+00 -2.340790493747124223e+00 -2.172519283291103331e+00 -2.171391434539221343e+00 -1.894944352337054605e+00 -1.112186522532675781e+01
0.000000000000000000e+00 0.000000000000000000e+00 0.000000000000000000e+00 0.000000000000000000e+00 0.000000000000000000e+00 0.000000000000000000e+00
-1.896662140429510979e+00 -2.171457250283705065e+00 -1.897221918648284822e+00 -1.899677158802512977e+00 -1.448130019962869275e+00 -1.083434168889981919e+01
-2.581231810636763324e+00 -2.577530914658031858e+00 -2.581299521371009931e+00 -2.581961063599846451e+00 -8.567740713852273871e+00 -8.446778257665773282e+00
-2.530695895062547329e+00 -2.512360874566763602e+00 -2.525634364913399210e+00 -2.523138546465323095e+00 -3.741635481401234919e+00 -6.591743377970342266e+00
-2.579583301865926437e+00 -2.577530914658035410e+00 -2.581215928518602709e+00 -2.581359585803432832e+00 -4.371717954956327645e+00 -5.381075408965006801e+00
0.000000000000000000e+00 0.000000000000000000e+00 0.000000000000000000e+00 0.000000000000000000e+00 0.000000000000000000e+00 0.000000000000000000e+00
2.307721638501360584e+00 5.401007270408326733e+00 2.316846762278390148e+00 2.316853431161975951e+00 -6.628397714185667589e+00 4.301548599238371740e-01
-1.896111068570877300e+00 -1.448130019962869275e+00 -1.896543101187658786e+00 -1.895848696862892480e+00 -1.082075438595920502e+01 -2.170561243585986677e+00
3.135600834657784830e+01 1.837801580903223808e+01 3.135601799480699015e+01 3.135600742633749149e+01 2.235601614320163222e+01 5.235602094240824300e+01
-1.454496900603970966e+00 -7.251294821405626090e-01 -1.450555688490889006e+00 -1.451375631542745515e+00 -1.043464136121682451e+01 -1.897306253160443434e+00
0.000000000000000000e+00 0.000000000000000000e+00 0.000000000000000000e+00 0.000000000000000000e+00 0.000000000000000000e+00 0.000000000000000000e+00
-2.468280093795035324e+00 -2.447185881175987898e+00 -2.468801510421962941e+00 -2.474373166535784652e+00 -5.359370422194468908e+00 -5.237356287858196957e+00
-2.341370217333371695e+00 -2.171075609744302692e+00 -2.356475938855147945e+00 -2.341454827935872895e+00 -4.786262559596087485e+00 -3.665958885209902096e+00
-2.518935757625520022e+00 -2.512360874566763602e+00 -2.524444461380607407e+00 -2.525074725357110861e+00 -6.627070294768707903e+00 -4.364680949101957808e+00
-2.559874563546851167e+00 -2.552639020482252885e+00 -2.552639020482252885e+00 -2.561880210903204169e+00 -3.200406745462882174e+00 -5.206346633418715619e+00
0.000000000000000000e+00 0.000000000000000000e+00 0.000000000000000000e+00 0.000000000000000000e+00 0.000000000000000000e+00 0.000000000000000000e+00
-2.594288724947634073e+00 -2.592914105258660395e+00 -2.592914105258660395e+00 -2.594743402389400710e+00 -3.254412387364771675e+00 -5.818413020947200032e+00
-2.519019183826553210e+00 -2.512360874566757385e+00 -2.512360874566757385e+00 -2.516029434793712660e+00 -5.284517514996238674e+00 -3.259699004932161692e+00
-2.392153316128441620e+00 -2.171075609744302692e+00 -2.405944380120898174e+00 -2.399214284952157161e+00 -4.243976517130410464e+00 -6.590376776329065933e+00
-2.564395052642539419e+00 -2.552639020482263099e+00 -2.571412582443716399e+00 -2.562367494224237596e+00 -4.781963200606529796e+00 -3.249800874403805384e+00
0.000000000000000000e+00 0.000000000000000000e+00 0.000000000000000000e+00 0.000000000000000000e+00 0.000000000000000000e+00 0.000000000000000000e+00
-2.540499979762397498e+00 -2.512360874566763602e+00 -2.541185299116599072e+00 -2.539144387009316439e+00 -3.791633029787009335e+00 -5.653145584665756118e+00
-2.554510640814782185e+00 -2.552639020482252885e+00 -2.552639020482253329e+00 -2.556757636714006576e+00 -3.883266821313063222e+00 -6.167455604127191293e+00
-2.463620498444223372e+00 -2.447185881175981681e+00 -2.447194566832404217e+00 -2.460724179713098980e+00 -3.097597588127060764e+00 -3.290228396290190815e+00
-2.557264494140047972e+00 -2.552639020482256882e+00 -2.552639020482256882e+00 -2.555974380018125824e+00 -6.480879419958250232e+00 -7.626783092279421972e+00
0.000000000000000000e+00 0.000000000000000000e+00 0.000000000000000000e+00 0.000000000000000000e+00 0.000000000000000000e+00 0.000000000000000000e+00
-5.666553551976086789e-01 -5.739750423836577076e-01 -5.642352322940487053e-01 -5.666553551976086789e-01 -1.356975425932000157e+00 -7.000000000000000666e-01
-9.664952458889716214e-01 -9.830864303289797990e-01 -9.483585373974848798e-01 -9.646216698334475481e-01 -1.381282000000000121e+00 -1.381282000000000121e+00
-8.745105720887422773e-01 -8.864648218957105197e-01 -8.745371147028611070e-01 -8.745105720887422773e-01 -1.967962572048760128e+00 -2.559400673889484779e+00
-8.745105720887422773e-01 -8.677530881309354349e-01 -8.749593897859384573e-01 -8.683062526691659455e-01 -1.365347266411064853e+00 -2.527943416180000291e+00
0.000000000000000000e+00 0.000000000000000000e+00 0.000000000000000000e+00 0.000000000000000000e+00 0.000000000000000000e+00 0.000000000000000000e+00
-2.513517752014585938e+00 -2.512360874566757385e+00 -2.516458817482893018e+00 -2.512360874566757385e+00 -4.423576353186999377e+00 -3.786818191996152105e+00
-2.381102295199080565e+00 -2.341724726821981850e+00 -2.407871153874277415e+00 -2.375604142588488177e+00 -4.255939811342821955e+00 -6.465105701833872232e+00
-2.558270218573193144e+00 -2.552639020482252885e+00 -2.558347736774344128e+00 -2.552639020482253773e+00 -6.699524425054026899e+00 -4.840168383705472976e+00
-2.518507103166629069e+00 -2.512360874566757385e+00 -2.525378668955176487e+00 -2.522019255094396950e+00 -7.055000850254555367e+00 -5.233459623961119966e+00
0.000000000000000000e+00 0.000000000000000000e+00 0.000000000000000000e+00 0.000000000000000000e+00 0.000000000000000000e+00 0.000000000000000000e+00
-2.581351677548453516e+00 -2.577530914658031858e+00 -2.579407145231643828e+00 -2.586031249208298632e+00 -4.217426565073262523e+00 -3.841412408346767116e+00
-2.479294567744157796e+00 -2.447185881175987898e+00 -2.476970215648245155e+00 -2.479129390077085215e+00 -3.744173968703043975e+00 -6.763422126739047968e+00
-2.420603222820451705e+00 -2.341724726821981850e+00 -2.418000382669523773e+00 -2.406259805723080625e+00 -6.711392154752485517e+00 -4.181227749906238245e+00
-2.581350861130077501e+00 -2.577530914658031858e+00 -2.580524892055578778e+00 -2.577530914658033190e+00 -5.557533985079434302e+00 -4.844258917394895114e+00
0.000000000000000000e+00 0.000000000000000000e+00 0.000000000000000000e+00 0.000000000000000000e+00 0.000000000000000000e+00 0.000000000000000000e+00
-2.558157773122521128e+00 -2.552639020482256882e+00 -2.555464663576978435e+00 -2.552639020482256882e+00 -5.169660582188893017e+00 -4.359298510960654127e+00
-2.525481325983183201e+00 -2.512360874566763602e+00 -2.524980445475159208e+00 -2.525368545670068965e+00 -6.156333732245221846e+00 -7.301840229521595838e+00
-2.419401623288258474e+00 -2.341724726821981850e+00 -2.412029905089101423e+00 -2.434623509496214755e+00 -5.909086231992893623e+00 -5.775039244453772369e+00
-2.531417720240503932e+00 -2.512360874566763602e+00 -2.530974329526940458e+00 -2.544130694991047825e+00 -5.851971869878865640e+00 -2.674043446151197934e+00
0.000000000000000000e+00 0.000000000000000000e+00 0.000000000000000000e+00 0.000000000000000000e+00 0.000000000000000000e+00 0.000000000000000000e+00
-5.666553551976086789e-01 -5.688908663461157422e-01 -5.641504766240122981e-01 -5.719864000159508022e-01 -1.970944291000525261e+00 -1.959458200000000261e+00
-9.211261593910893275e-01 -9.306949822751545698e-01 -9.175562058537253263e-01 -9.234263176477193191e-01 -1.381282000000000121e+00 -1.381282000000000121e+00
-9.211261593910893275e-01 -8.895181251554671320e-01 -9.149453428004460376e-01 -9.112583122260204949e-01 -1.362265401757347005e+00 -1.381282000000000121e+00
-8.545753562765034950e-01 -8.676784356554890776e-01 -8.745105720887422773e-01 -8.842908147133328178e-01 -1.381282000000000121e+00 -1.362635558679619940e+00
0.000000000000000000e+00 0.000000000000000000e+00 0.000000000000000000e+00 0.000000000000000000e+00 0.000000000000000000e+00 0.000000000000000000e+00
-2.556697632358659877e+00 -2.552639020482256882e+00 -2.561033375839093740e+00 -2.558381163608387077e+00 -5.707263729231199179e+00 -8.076085624401942553e+00
-2.474588258032299759e+00 -2.447185881175987898e+00 -2.481920989249157383e+00 -2.471626023959969221e+00 -6.763390870406776223e+00 -6.046753066514134467e+00
-2.581077501565618881e+00 -2.577530914658031858e+00 -2.583892035178436242e+00 -2.582802616966655140e+00 -5.234727824091531367e+00 -5.464067770914794231e+00
-2.455805281904086979e+00 -2.447185881175981681e+00 -2.447185881175981681e+00 -2.456947754841595444e+00 -5.949746879400913180e+00 -3.290842123081879844e+00
0.000000000000000000e+00 0.000000000000000000e+00 0.000000000000000000e+00 0.000000000000000000e+00 0.000000000000000000e+00 0.000000000000000000e+00
-2.559660296028557269e+00 -2.552639020482252885e+00 -2.552639020482252885e+00 -2.555583646212174376e+00 -4.389543322532595937e+00 -3.870006504496279032e+00
-2.389258258481638642e+00 -2.341724726821981850e+00 -2.362800947571798371e+00 -2.375188055847084811e+00 -3.852906153486837404e+00 -5.966469552122909192e+00
-2.505409311138242057e+00 -2.447185881175987898e+00 -2.518961166199634505e+00 -2.508167135255158886e+00 -4.259352743481807479e+00 -5.778549126490879040e+00
-2.593715421289493950e+00 -2.592914105258666613e+00 -2.597828830079750073e+00 -2.595875182938863102e+00 -3.739635554496619996e+00 -3.869893358092247659e+00
0.000000000000000000e+00 0.000000000000000000e+00 0.000000000000000000e+00 0.000000000000000000e+00 0.000000000000000000e+00 0.000000000000000000e+00
-2.580517601631870050e+00 -2.577530914658041628e+00 -2.581886589334814630e+00 -2.583506068099786557e+00 -5.332948013267809095e+00 -5.796944514006684201e+00
-1.896285686172108687e+00 -2.170864367848228227e+00 -2.170331685247831821e+00 -1.897353691310070145e+00 -1.448130019962869275e+00 -1.081551343027301115e+01
-7.368631404233411120e-01 -1.450526432202874805e+00 -1.451411036574816515e+00 -7.301941840687176111e-01 4.447743007434273310e-01 -9.694519223354884474e+00
-1.896727065640778864e+00 -2.171815565378713675e+00 -2.171242097549252126e+00 -1.896720812451579086e+00 -1.448130019962869275e+00 -1.084342671635718247e+01
0.000000000000000000e+00 0.000000000000000000e+00 0.000000000000000000e+00 0.000000000000000000e+00 0.000000000000000000e+00 0.000000000000000000e+00
-1.451119412479964899e+00 -7.251294821405626090e-01 -1.898321333027034541e+00 -1.451114135658590820e+00 -1.040583477617557762e+01 -1.894824500145138257e+00
4.240079661106964104e-01 2.337822493112342581e+00 2.111251672279609082e+00 4.268805324929909606e-01 -8.451193518130677873e+00 -7.331503353913498833e-01
-1.450294119612110633e+00 -7.251294821405626090e-01 -1.912384122978662448e+00 -1.454562831672834289e+00 -1.042092472569548001e+01 -1.895291481418646784e+00
3.135601441552198665e+01 1.837801921598991228e+01 1.837795019332581248e+01 3.135601392425110490e+01 2.235600768654025572e+01 5.235602094240824300e+01
0.000000000000000000e+00 0.000000000000000000e+00 0.000000000000000000e+00 0.000000000000000000e+00 0.000000000000000000e+00 0.000000000000000000e+00
-2.580512468837111495e+00 -2.577530914658029193e+00 -2.578461247271798040e+00 -2.577530914658030081e+00 -4.182137841844009607e+00 -6.419843695157791963e+00
-2.518696116984029398e+00 -2.512360874566757385e+00 -2.523232720286287201e+00 -2.512360874566757385e+00 -4.249953404789328815e+00 -5.802927936210511284e+00
-2.595302750197783226e+00 -2.592914105258660395e+00 -2.593679596439185442e+00 -2.592914105258660395e+00 -4.781296843928963369e+00 -5.685890374090681654e+00
-2.412095345356271459e+00 -2.341724726821981850e+00 -2.417228934014012509e+00 -2.432660060217294529e+00 -5.342403738746196673e+00 -7.400611808746694109e+00
0.000000000000000000e+00 0.000000000000000000e+00 0.000000000000000000e+00 0.000000000000000000e+00 0.000000000000000000e+00 0.000000000000000000e+00
-2.525349541556998645e+00 -2.512360874566763602e+00 -2.523506689201489461e+00 -2.531772893653959855e+00 -3.818409311419812546e+00 -5.197607240469156231e+00
-2.333728731120465305e+00 -2.171075609744302692e+00 -2.335152329709339281e+00 -2.342346838221990080e+00 -3.175321454645701813e+00 -5.221524252416659628e+00
-2.521477122488596123e+00 -2.512360874566763602e+00 -2.527059278644200102e+00 -2.517042830304319079e+00 -5.336207755348314485e+00 -4.361284723121320539e+00
-2.602903178117876859e+00 -2.602420917049850679e+00 -2.603688021416858511e+00 -2.602420917049850679e+00 -5.846728362130129142e+00 -6.774871914013881558e+00
0.000000000000000000e+00 0.000000000000000000e+00 0.000000000000000000e+00 0.000000000000000000e+00 0.000000000000000000e+00 0.000000000000000000e+00
-2.594259456458009705e+00 -2.592914105258663060e+00 -2.595379260243370290e+00 -2.592914105258663504e+00 -3.892148852301655637e+00 -6.377780826331554742e+00
-2.222479751859433694e+00 -2.248600035197362512e+00 -2.231168470883432953e+00 -1.894944352337054605e+00 -5.446378021771855593e+00 -6.239133227134576742e+00
-1.828070097342988420e+00 -1.986274695085832986e+00 -1.857063495767980355e+00 -7.251294821405626090e-01 -4.156746726972619932e+00 -3.179697670294995504e+00
-2.297201541454702678e+00 -2.316611688571211580e+00 -2.274866948495268382e+00 -1.894944352337054605e+00 -5.220124098122159495e+00 -5.644208331956664715e+00
0.000000000000000000e+00 0.000000000000000000e+00 0.000000000000000000e+00 0.000000000000000000e+00 0.000000000000000000e+00 0.000000000000000000e+00
-1.773391587914086243e+00 -1.777416372261454436e+00 -1.771028271639613294e+00 -1.449025999255207253e+00 -5.263327034808271243e+00 -2.017821485932000058e+00
-1.051716165940084213e+00 5.332086219935159299e+00 -1.053238833662953677e+00 -1.043928604430325979e+00 -1.356844426000000103e+00 -1.381282000000000121e+00
-1.960664920868200101e+00 -1.953024187602497408e+00 -1.956346734958738454e+00 -1.453347794611758781e+00 -2.004494900523446255e+00 -3.148272895558353213e+00
-7.000000000000000666e-02 -7.000000000000000666e-02 -1.956430000000000113e-01 3.135601454350466355e+01 -1.351000000000000201e+00 4.397505913196140814e-01
