0.000000000000000000e+00 0.000000000000000000e+00 0.000000000000000000e+00 0.000000000000000000e+00 0.000000000000000000e+00 0.000000000000000000e+00
-1.323274935910593086e+00 -1.321623586545248807e+00 -1.350503067057678974e+00 -1.322350062400752924e+00 -1.331038061266499595e+00 -3.598654186162768998e+00
-1.167116697862490060e+00 -1.175779067574322045e+00 -1.199277292591024002e+00 -1.174438373305390249e+00 -1.194550407104598699e+00 -1.354028200000000126e+00
-1.206638830592659417e+00 -1.214338735307384676e+00 -1.216142875040239213e+00 -1.211276218685935380e+00 -1.226837847968765383e+00 -3.077747105064138289e+00
-1.612109030450429081e+00 -1.597973717644520786e+00 -1.607598954551337833e+00 -1.603948456360825503e+00 -2.577085840952722418e+00 -4.092766465705809154e+00
0.000000000000000000e+00 0.000000000000000000e+00 0.000000000000000000e+00 0.000000000000000000e+00 0.000000000000000000e+00 0.000000000000000000e+00
-1.572659257789998710e+00 -1.545406278295656133e+00 -1.554904800841759638e+00 -1.550842158062953668e+00 -4.110981262099766553e+00 -2.569636451051148907e+00
-1.662930625239442239e+00 -1.655105098458065971e+00 -1.650664417092125191e+00 -1.650070667160490778e+00 -2.044346519320000333e+00 -2.044346519320000333e+00
-1.360005797781225656e+00 -1.353727211434248456e+00 -1.343808602108814254e+00 -1.358324737672048199e+00 -1.973252547874106977e+00 -4.470007301297918900e+00
-1.408581599140637630e+00 -1.388454326673322248e+00 -1.405349288065147917e+00 -1.390725268701494821e+00 -3.090849500193006083e+00 -3.575930171944383673e+00
0.000000000000000000e+00 0.000000000000000000e+00 0.000000000000000000e+00 0.000000000000000000e+00 0.000000000000000000e+00 0.000000000000000000e+00
-1.517246264737314831e+00 -1.501584304565334094e+00 -1.518156358431405284e+00 -1.514129507938917651e+00 -3.102115470278486331e+00 -3.130616593459503161e+00
-1.580137199122014113e+00 -1.572252432168674607e+00 -1.583128980339022496e+00 -1.573671718529001007e+00 -5.901506634467661883e+00 -4.533478237992492055e+00
-1.541420894035404832e+00 -1.526068993277328145e+00 -1.553406218741820499e+00 -1.532826008806134954e+00 -2.592206503764108660e+00 -5.613699788841471694e+00
-1.574861881862174240e+00 -1.574465172393395118e+00 -1.559130712638141958e+00 -1.572710348115506696e+00 -2.583198692311961864e+00 -2.026413330785854505e+00
0.000000000000000000e+00 0.000000000000000000e+00 0.000000000000000000e+00 0.000000000000000000e+00 0.000000000000000000e+00 0.000000000000000000e+00
-7.302820000000001532e-02 -1.350999999999999979e-01 -1.359569789284336139e-01 -7.000000000000000666e-02 -7.000000000000000666e-01 1.653228473560491807e+01
-1.065141552806572189e+00 -1.095269640448966575e+00 -1.093444051694533847e+00 -1.091341071019839903e+00 -2.533378732360000107e+00 -1.089977567399197822e+00
-9.535055852259338716e-01 -9.211261593910893275e-01 -9.520741271269290706e-01 -9.211261593910893275e-01 -1.980909219419893841e+00 -9.667714240049533059e-01
-1.045359055862801423e+00 -1.051716165940084213e+00 -1.024804990612058431e+00 -1.053460314896348837e+00 -3.065333445943953627e+00 -1.013718439192081489e+00
0.000000000000000000e+00 0.000000000000000000e+00 0.000000000000000000e+00 0.000000000000000000e+00 0.000000000000000000e+00 0.000000000000000000e+00
-1.459217790573420714e+00 -1.452613270444258031e+00 -1.454417387399413508e+00 -1.431341204330252248e+00 -4.468349743617014980e+00 -4.863324251185398239e+00
-1.338875226772964444e+00 -1.321859391405119100e+00 -1.322698898000043366e+00 -1.308092843176754894e+00 -3.131815175678694274e+00 -1.976290332709217834e+00
-1.285143988022697581e+00 -1.276674508439562983e+00 -1.287978250277722170e+00 -1.304791720137358002e+00 -3.619255775570161759e+00 -2.562146458963976414e+00
-1.601326144719678268e+00 -1.597667754540528007e+00 -1.600896971952677550e+00 -1.605289336087971863e+00 -2.595176379691569668e+00 -2.002119469955161879e+00
0.000000000000000000e+00 0.000000000000000000e+00 0.000000000000000000e+00 0.000000000000000000e+00 0.000000000000000000e+00 0.000000000000000000e+00
-1.545749862267808528e+00 -1.546064184624434512e+00 -1.541594189778956903e+00 -1.556665017581826405e+00 -3.572100471341911554e+00 -4.125171293642093673e+00
-1.618404045049583795e+00 -1.631067942678023019e+00 -1.627569980216248435e+00 -1.641391694408500967e+00 -2.038017964513310076e+00 -2.022531920213330725e+00
-1.383371741559576096e+00 -1.358404926992707207e+00 -1.354692367433529832e+00 -1.349222649992313672e+00 -3.615104511722815772e+00 -2.591655170896661531e+00
-1.440109861381577705e+00 -1.423464995787246057e+00 -1.423524115179329863e+00 -1.412494850882449970e+00 -2.020562406048759918e+00 -1.970436180488605693e+00
0.000000000000000000e+00 0.000000000000000000e+00 0.000000000000000000e+00 0.000000000000000000e+00 0.000000000000000000e+00 0.000000000000000000e+00
-1.514594927563795990e+00 -1.515905397422904866e+00 -1.501358814159396537e+00 -1.520453142557804727e+00 -4.479748112634374557e+00 -5.269199323869649731e+00
-1.580275575455425630e+00 -1.571387673793321893e+00 -1.575794435401709492e+00 -1.567573892887597076e+00 -3.106501467846706888e+00 -3.667544708479296478e+00
-1.543560065770684719e+00 -1.541372564512380139e+00 -1.518135479403609933e+00 -1.540666999067316523e+00 -4.115354965746459648e+00 -4.042030437639812845e+00
-1.564709083843690340e+00 -1.573243870789389431e+00 -1.546344549550798142e+00 -1.558500295885935305e+00 -4.563558099745820940e+00 -4.531461655007246847e+00
0.000000000000000000e+00 0.000000000000000000e+00 0.000000000000000000e+00 0.000000000000000000e+00 0.000000000000000000e+00 0.000000000000000000e+00
-1.986711999999999922e-01 -1.381282000000000343e-01 -1.381282000000000343e-01 6.986348055362924248e-01 -7.000000000000000666e-01 -7.000000000000000666e-01
-9.326910518015212315e-01 -9.169796381196833046e-01 -9.190541639256436524e-01 -9.298416023627479321e-01 -1.362511470955416470e+00 -1.962274426000000016e+00
-8.442960625992401713e-01 -8.266142367802460367e-01 -8.266142367802460367e-01 -8.635767380313070785e-01 -3.079014009675628216e+00 -1.381282000000000121e+00
-9.213800426620418760e-01 -9.190541639256436524e-01 -9.173431085796351914e-01 -9.657877202033452457e-01 -3.065572935251666298e+00 -1.362635558679619940e+00
0.000000000000000000e+00 0.000000000000000000e+00 0.000000000000000000e+00 0.000000000000000000e+00 0.000000000000000000e+00 0.000000000000000000e+00
-1.648945609977595206e+00 -1.645027785296386824e+00 -1.647657816295896138e+00 -1.627575185257880586e+00 -2.660006175994415578e+00 -5.604011545222983059e+00
-1.565349066191378036e+00 -1.546218121332609829e+00 -1.563950710954289613e+00 -1.547540536684357315e+00 -3.147984778876398160e+00 -3.598933526543626193e+00
-1.399547689566452258e+00 -1.391926630811461507e+00 -1.367589564364983135e+00 -1.389619821400728039e+00 -2.554091177267556301e+00 -3.120819902210737684e+00
-1.508531705802694578e+00 -1.501700345155789318e+00 -1.508549065246011844e+00 -1.487581549892861732e+00 -3.591433702424970509e+00 -3.070741447331713836e+00
0.000000000000000000e+00 0.000000000000000000e+00 0.000000000000000000e+00 0.000000000000000000e+00 0.000000000000000000e+00 0.000000000000000000e+00
-1.498412924123461165e+00 -1.482546611004614157e+00 -1.471049056073671757e+00 -1.486062067490218075e+00 -2.003558274693293839e+00 -3.597752695034702519e+00
-1.531035425560100416e+00 -1.514289058580298608e+00 -1.507779747232485201e+00 -1.515854817302666246e+00 -4.016803255825297292e+00 -2.014874260000000028e+00
-1.505727157510444725e+00 -1.510458200343032242e+00 -1.527943884588041090e+00 -1.512785998616210659e+00 -1.979054343046240394e+00 -4.095579469235339332e+00
-1.482633144254061230e+00 -1.473098787866900850e+00 -1.503386367370605159e+00 -1.483315818429634447e+00 -1.999238613706557421e+00 -3.616270164271562670e+00
0.000000000000000000e+00 0.000000000000000000e+00 0.000000000000000000e+00 0.000000000000000000e+00 0.000000000000000000e+00 0.000000000000000000e+00
-1.535123180031996659e+00 -1.543936255241416422e+00 -1.563452948999543679e+00 -1.543867761489646551e+00 -2.029023721017339632e+00 -3.145865175783912449e+00
-1.484225273139179180e+00 -1.486542709432476350e+00 -1.499089818090759474e+00 -1.487922527796899042e+00 -2.031302396758840167e+00 -2.600597308972524058e+00
-1.494279281902774370e+00 -1.492896625902789598e+00 -1.472828352604028668e+00 -1.471194838091803625e+00 -1.997116667261783718e+00 -4.528023004138306717e+00
-1.580195793193631237e+00 -1.573559411642622807e+00 -1.563635306674337366e+00 -1.575936426325345474e+00 -4.505541813886237534e+00 -3.116943976004665551e+00
0.000000000000000000e+00 0.000000000000000000e+00 0.000000000000000000e+00 0.000000000000000000e+00 0.000000000000000000e+00 0.000000000000000000e+00
-8.274242769583773915e-01 -8.226468012610202996e-01 -8.620121955300136252e-01 -8.265211389038069623e-01 -1.370143499337183712e+00 -1.967840742112000108e+00
-2.793491901491127472e-01 -2.689680693393383670e-01 -2.492074072036888910e-01 -2.689680693393383670e-01 -7.000000000000000666e-01 -7.000000000000000666e-01
-8.953878350352179050e-01 -8.745105720887422773e-01 -8.978304438283248867e-01 -8.745105720887422773e-01 -3.095220752526452124e+00 -1.978886628251666391e+00
-7.727146503789672494e-01 -7.268376028330120198e-01 -7.376620812603038591e-01 -7.268376028330120198e-01 -1.381282000000000121e+00 -2.534023323233676184e+00
0.000000000000000000e+00 0.000000000000000000e+00 0.000000000000000000e+00 0.000000000000000000e+00 0.000000000000000000e+00 0.000000000000000000e+00
-1.648147301270142639e+00 -1.656235398034414219e+00 -1.658474706893463324e+00 -1.658682455595557270e+00 -4.088573510722269155e+00 -5.312234573164041684e+00
-1.593750993416819917e+00 -1.573753326909683947e+00 -1.586632635371495459e+00 -1.567429894380824695e+00 -2.571223266808246866e+00 -2.003288380424438131e+00
-1.435177354521564697e+00 -1.422927857417087161e+00 -1.425367049128509533e+00 -1.403267128080767590e+00 -2.017591190632135323e+00 -1.983568012814493686e+00
-1.485887313692059397e+00 -1.487739576026204880e+00 -1.488245854791429901e+00 -1.473494574954708369e+00 -2.031402533398208199e+00 -4.937174547218003084e+00
0.000000000000000000e+00 0.000000000000000000e+00 0.000000000000000000e+00 0.000000000000000000e+00 0.000000000000000000e+00 0.000000000000000000e+00
-1.412550748937253076e+00 -1.422458220363667980e+00 -1.439973146568534590e+00 -1.427786423115065428e+00 -2.560308155373514083e+00 -1.999643985562706838e+00
-1.452679978886120660e+00 -1.452113702609326040e+00 -1.429148606600944671e+00 -1.460653394734841903e+00 -4.836156881916966910e+00 -1.967709742180000054e+00
-1.551723494251823876e+00 -1.539727865414098451e+00 -1.550271338639330310e+00 -1.534542561214283563e+00 -5.266967865522501846e+00 -4.472806683186226984e+00
-1.479401646806981274e+00 -1.484312061048137288e+00 -1.502653905562900016e+00 -1.495388100658851638e+00 -3.072519130026011958e+00 -4.477922402780601274e+00
0.000000000000000000e+00 0.000000000000000000e+00 0.000000000000000000e+00 0.000000000000000000e+00 0.000000000000000000e+00 0.000000000000000000e+00
-1.607854875574846742e+00 -1.596882020021503923e+00 -1.602097006701336701e+00 -1.581587095267914744e+00 -3.065661146124822878e+00 -2.643334739857144733e+00
-1.477816747531620400e+00 -1.455544371319048125e+00 -1.465503911650316793e+00 -1.475638952289507255e+00 -3.085698207456558873e+00 -1.981917213313216353e+00
-1.459553294306040971e+00 -1.453671512035132896e+00 -1.476529944032286989e+00 -1.479311652038764135e+00 -2.017821485932000058e+00 -1.974352963097315783e+00
-1.557240805625934366e+00 -1.542898914319950299e+00 -1.543612845217991136e+00 -1.568653775548846330e+00 -2.022135314842854470e+00 -4.045047684180262948e+00
0.000000000000000000e+00 0.000000000000000000e+00 0.000000000000000000e+00 0.000000000000000000e+00 0.000000000000000000e+00 0.000000000000000000e+00
-9.795193869284719579e-01 -9.586383989499289715e-01 -9.798153890066424454e-01 -9.579930053114231736e-01 -1.381282000000000121e+00 -2.543199787772197240e+00
-2.016184259320000227e-01 -1.381282000000000343e-01 2.165083345006321824e+00 -1.381282000000000343e-01 -1.965090652000000215e+00 -7.000000000000000666e-01
-9.796624838373669819e-01 -9.664952458889716214e-01 -9.438634172420419244e-01 -9.386969060335769166e-01 -1.371702285063810312e+00 -1.356844426000000103e+00
-7.872991822173738274e-01 -7.774019653332573387e-01 -7.725290458841181929e-01 -8.110464268863635251e-01 -1.354028200000000126e+00 -1.381282000000000121e+00
0.000000000000000000e+00 0.000000000000000000e+00 0.000000000000000000e+00 0.000000000000000000e+00 0.000000000000000000e+00 0.000000000000000000e+00
-1.667328563181160961e+00 -1.651784878537082335e+00 -1.649098007231030172e+00 -1.672014232002666079e+00 -5.234619815197246950e+00 -4.952286854928609650e+00
-1.586260551579482314e+00 -1.599222399142958828e+00 -1.603884469478535024e+00 -1.612249915868399830e+00 -3.567260528073404657e+00 -2.536024353638830942e+00
-1.468666443158787471e+00 -1.452969525377912463e+00 -1.454764311034831170e+00 -1.468623291833345945e+00 -2.019798198464713312e+00 -2.017821485932000058e+00
-1.372755331488462183e+00 -1.352190656500698474e+00 -1.358256440026583522e+00 -1.377990692310343546e+00 -1.368963064371050864e+00 -3.613458874021174161e+00
0.000000000000000000e+00 0.000000000000000000e+00 0.000000000000000000e+00 0.000000000000000000e+00 0.000000000000000000e+00 0.000000000000000000e+00
-1.321073095957707721e+00 -1.315650631333518783e+00 -1.317187376253273090e+00 -1.329496501129061814e+00 -1.333974738622160983e+00 -2.553687429225487637e+00
-1.311910124921841225e+00 -1.286703693345189858e+00 -1.285143429904076928e+00 -1.317708864358946963e+00 -1.296498819389400703e+00 -2.580906036421149352e+00
-1.521903554029424788e+00 -1.514776444764913910e+00 -1.527743789525500606e+00 -1.530764599250740821e+00 -4.510212588306046655e+00 -3.565987272783726958e+00
-1.496428312721011178e+00 -1.484050216003902189e+00 -1.473086336329415102e+00 -1.487425974810604679e+00 -3.577771488640842712e+00 -4.523793886479503534e+00
0.000000000000000000e+00 0.000000000000000000e+00 0.000000000000000000e+00 0.000000000000000000e+00 0.000000000000000000e+00 0.000000000000000000e+00
-1.613933109953162193e+00 -1.600208542018221047e+00 -1.592975285352040471e+00 -1.617453867496389419e+00 -3.116627127403383213e+00 -5.276112466153407787e+00
-1.455546598599195995e+00 -1.454107044365954504e+00 -1.456879485232002835e+00 -1.473488443949431792e+00 -2.044346519320000333e+00 -1.985625481884138122e+00
-1.464759740920403841e+00 -1.456442754594587941e+00 -1.455337239532457527e+00 -1.462292169237518369e+00 -3.608050096663899975e+00 -3.116002694115464156e+00
-1.521797940096677682e+00 -1.518075788461164422e+00 -1.516608945645240292e+00 -1.542289709748673188e+00 -2.023481618679619842e+00 -2.044346519320000333e+00
0.000000000000000000e+00 0.000000000000000000e+00 0.000000000000000000e+00 0.000000000000000000e+00 0.000000000000000000e+00 0.000000000000000000e+00
-1.138038345460959500e+00 -1.133326793368332641e+00 -1.135846641553862835e+00 -1.148001480216767511e+00 -2.564616226512473673e+00 -1.123281781367165610e+00
-7.000000000000000666e-02 1.519524768105348922e-01 -7.000000000000000666e-02 -7.000000000000000666e-02 -7.000000000000000666e-01 2.107252701829817454e+01
-1.113945087455476379e+00 -1.093593275662846365e+00 -1.092596861855208212e+00 -1.076087492684485669e+00 -1.369798741012710597e+00 -1.098273905941452799e+00
-9.835083817983213406e-01 -9.664952458889716214e-01 -9.664952458889716214e-01 -9.775403109399306567e-01 -2.543993410665848387e+00 -9.849634410969212439e-01
0.000000000000000000e+00 0.000000000000000000e+00 0.000000000000000000e+00 0.000000000000000000e+00 0.000000000000000000e+00 0.000000000000000000e+00
-1.476021615919188568e+00 -1.449780684572551825e+00 -1.477615594627784246e+00 -1.450592578126170151e+00 -2.596989453634316991e+00 -4.853455814713818484e+00
-1.314410726564639420e+00 -1.320436060259144284e+00 -1.297534720301224853e+00 -1.320586364016863801e+00 -4.091781633250447747e+00 -2.522508100000000031e+00
-1.269151190261193607e+00 -1.269576203197672060e+00 -1.252679033092070737e+00 -1.251131722646329880e+00 -1.354028200000000126e+00 -3.087793609254972704e+00
-1.610970100197969046e+00 -1.599983651768951187e+00 -1.592165516882663612e+00 -1.603319484106220161e+00 -3.588893745586738682e+00 -4.086939004207565063e+00
0.000000000000000000e+00 0.000000000000000000e+00 0.000000000000000000e+00 0.000000000000000000e+00 0.000000000000000000e+00 0.000000000000000000e+00
-1.539781846398923904e+00 -1.558417659926110144e+00 -1.552466921310542203e+00 -1.539533014932911614e+00 -4.531314874244738888e+00 -2.575265450521390775e+00
-1.656980791212466109e+00 -1.660077011299468275e+00 -1.677959121563699973e+00 -1.678792852503772970e+00 -3.080702771242754601e+00 -3.176989699278099710e+00
-1.372171307558651909e+00 -1.360061142518800281e+00 -1.362015935334726979e+00 -1.358036023255007274e+00 -2.573769792964637482e+00 -2.559741320939973086e+00
-1.441239348017352428e+00 -1.416653732292607160e+00 -1.411246516568601672e+00 -1.420159880784719553e+00 -2.543712723627246763e+00 -4.947150437368968312e+00
0.000000000000000000e+00 0.000000000000000000e+00 0.000000000000000000e+00 0.000000000000000000e+00 0.000000000000000000e+00 0.000000000000000000e+00
-1.489596983105838879e+00 -1.483220569347678985e+00 -1.493705121163968030e+00 -1.469711746092737803e+00 -5.574195330594998943e+00 -5.593753424379974248e+00
-1.563605105019262975e+00 -1.590158798074409185e+00 -1.581526709678575227e+00 -1.589109200218887574e+00 -2.005500269403830860e+00 -3.127309705685716423e+00
-1.543458083699098093e+00 -1.550456888551003054e+00 -1.523266281244205045e+00 -1.539054095488636253e+00 -4.549577959231952740e+00 -4.038368934928544540e+00
-1.585037610808478270e+00 -1.567517835714759888e+00 -1.580666580254087572e+00 -1.574580423122590611e+00 -3.095631497949142386e+00 -1.973472950788512481e+00
0.000000000000000000e+00 0.000000000000000000e+00 0.000000000000000000e+00 0.000000000000000000e+00 0.000000000000000000e+00 0.000000000000000000e+00
-2.069227421800000355e-01 2.723676941501309567e+00 -2.121085861594000366e-01 -1.956430000000000113e-01 -7.000000000000000666e-01 -1.962405425932000291e+00
-9.213385081579551494e-01 -8.944109134769634428e-01 -8.781958255521601364e-01 -9.149453428004460376e-01 -2.596922333408024475e+00 -1.967709742180000276e+00
-7.623990265235864872e-01 -7.324253685142307901e-01 -7.313880493262532312e-01 -7.640660922914651598e-01 -1.357348840586781957e+00 -1.356975425932000157e+00
-9.146430967475527307e-01 -9.202170453441775866e-01 -9.258570344826962950e-01 -9.211261593910893275e-01 -3.533126365510000699e+00 -3.057568091679620181e+00
0.000000000000000000e+00 0.000000000000000000e+00 0.000000000000000000e+00 0.000000000000000000e+00 0.000000000000000000e+00 0.000000000000000000e+00
-1.519477025996641251e+00 -1.521821276737112427e+00 -1.543267407142742131e+00 -1.516844321098655302e+00 -3.593205927174305536e+00 -5.231704586523383327e+00
-1.416473622587160586e+00 -1.408420759565309544e+00 -1.391672190697526679e+00 -1.401527038326481955e+00 -1.979543231208293896e+00 -1.967709742180000276e+00
-1.296067904141704030e+00 -1.329403725122385582e+00 -1.326095468145800815e+00 -1.299275237604392119e+00 -3.097613849351187554e+00 -3.676215610577396209e+00
-1.578798533259891723e+00 -1.599099793895395027e+00 -1.583010974582154118e+00 -1.596962754972495846e+00 -3.124051737594032652e+00 -4.089368290531560035e+00
0.000000000000000000e+00 0.000000000000000000e+00 0.000000000000000000e+00 0.000000000000000000e+00 0.000000000000000000e+00 0.000000000000000000e+00
-1.548913821405795810e+00 -1.558004802200240624e+00 -1.550641334834372387e+00 -1.562946770751514336e+00 -3.592794234386885055e+00 -4.904077767865420157e+00
-1.639529591657533869e+00 -1.612532596395194640e+00 -1.612979919380874039e+00 -1.632892083261533012e+00 -4.504315992887957698e+00 -2.005758428600258991e+00
-1.413437705015152535e+00 -1.400466074944054728e+00 -1.387284126317724020e+00 -1.407383195444330770e+00 -4.093289624061887011e+00 -3.100098538717530161e+00
-1.437310460730510497e+00 -1.441688983009475011e+00 -1.429302476625238683e+00 -1.447542385016763911e+00 -1.959458200000000261e+00 -2.558925320895210298e+00
0.000000000000000000e+00 0.000000000000000000e+00 0.000000000000000000e+00 0.000000000000000000e+00 0.000000000000000000e+00 0.000000000000000000e+00
-1.500190400995246476e+00 -1.513290721066904654e+00 -1.516737595073099687e+00 -1.513461010934609163e+00 -1.956430000000000113e+00 -4.055703841341139260e+00
-1.537785324850658331e+00 -1.540742929653296622e+00 -1.556146706923534406e+00 -1.560161034856165641e+00 -3.546809820867469654e+00 -4.892797718632679427e+00
-1.532308902889553126e+00 -1.520398588720775601e+00 -1.519822181723139876e+00 -1.506429432101341837e+00 -5.212030648860216608e+00 -4.915062447926281664e+00
-1.579001588399756795e+00 -1.571705585441963704e+00 -1.571615382551333706e+00 -1.561196512787245139e+00 -4.504551459673037606e+00 -3.652934392130524621e+00
0.000000000000000000e+00 0.000000000000000000e+00 0.000000000000000000e+00 0.000000000000000000e+00 0.000000000000000000e+00 0.000000000000000000e+00
-3.905362947796443551e-01 -3.957279811435567840e-01 -4.123611814577006207e-01 -3.100092188110951108e-01 -1.356844426000000103e+00 -7.000000000000000666e-01
-7.983911608642740854e-01 -7.135052342965355621e-01 -7.148906920171479440e-01 -7.629050509862893570e-01 -1.359973292705120684e+00 -1.359973292705120684e+00
-7.477985954680966829e-01 -7.432897857949956055e-01 -7.813130866875312996e-01 -7.696400913184042736e-01 -1.357097255868760177e+00 -1.354028200000000126e+00
-8.159380915528998690e-01 -8.551798844396383270e-01 -8.342091546321968032e-01 -8.099184752223328454e-01 -1.354028200000000126e+00 -2.522508100000000031e+00
0.000000000000000000e+00 0.000000000000000000e+00 0.000000000000000000e+00 0.000000000000000000e+00 0.000000000000000000e+00 0.000000000000000000e+00
-1.629103388586433887e+00 -1.610506703967186981e+00 -1.605867285578295167e+00 -1.607134468115451353e+00 -4.114354307330642335e+00 -4.864064219682740386e+00
-1.527260936442963679e+00 -1.525217619696765059e+00 -1.514425428326811485e+00 -1.507914249023871722e+00 -1.997417136634095591e+00 -4.863564582888977306e+00
-1.394083631604064344e+00 -1.384679765592125023e+00 -1.397657143778884947e+00 -1.394437165648555244e+00 -3.152378640791292153e+00 -2.021730139020332828e+00
-1.557916847139110939e+00 -1.556933446376621566e+00 -1.544655879328772130e+00 -1.558463848861329382e+00 -2.037281019326944609e+00 -1.994933972334270944e+00
0.000000000000000000e+00 0.000000000000000000e+00 0.000000000000000000e+00 0.000000000000000000e+00 0.000000000000000000e+00 0.000000000000000000e+00
-1.538143349202284682e+00 -1.519144276611847255e+00 -1.523334764373950101e+00 -1.548912501593383784e+00 -1.978524541840224638e+00 -3.635203649843336660e+00
-1.574535384821406314e+00 -1.565946952468136422e+00 -1.561168418928329027e+00 -1.568776777714589343e+00 -2.546789310906449888e+00 -2.646969821859586069e+00
-1.467455034354632870e+00 -1.470845539128931456e+00 -1.486307564851139018e+00 -1.489535556585926512e+00 -1.956430000000000113e+00 -2.610231078074550126e+00
-1.454836887818953706e+00 -1.472134509289048765e+00 -1.468286596186341608e+00 -1.474846463554821963e+00 -4.051534283525118241e+00 -4.084902304023704467e+00
0.000000000000000000e+00 0.000000000000000000e+00 0.000000000000000000e+00 0.000000000000000000e+00 0.000000000000000000e+00 0.000000000000000000e+00
-1.556372764319272184e+00 -1.543309243890867322e+00 -1.546515012389183319e+00 -1.537906640838832661e+00 -3.143470804385303019e+00 -4.886420859443764364e+00
-1.486525577917359175e+00 -1.495353298295337474e+00 -1.495065392107677749e+00 -1.487974189948311432e+00 -2.538686406276160046e+00 -3.131890002761029468e+00
-1.478714321053937741e+00 -1.473743921157355752e+00 -1.474990222687332597e+00 -1.498952466154381602e+00 -6.472084306440251567e+00 -5.292160480707143400e+00
-1.530009036486957408e+00 -1.548768461284011799e+00 -1.554690542462421776e+00 -1.559382087799727534e+00 -2.542382731872644186e+00 -2.557826248968328997e+00
0.000000000000000000e+00 0.000000000000000000e+00 0.000000000000000000e+00 0.000000000000000000e+00 0.000000000000000000e+00 0.000000000000000000e+00
-6.976126353787757139e-01 -6.980890977740629166e-01 -7.227455746656304969e-01 -7.075500571872943567e-01 -7.000000000000000666e-01 -7.000000000000000666e-01
-4.456402698506488624e-01 -4.836928007180720246e-01 -4.906040440652096324e-01 -4.868893723720584821e-01 -1.351000000000000201e+00 -1.962274426000000016e+00
-8.376603180043681318e-01 -8.445262325612407084e-01 -8.049128670319561918e-01 -8.050325053641651518e-01 -1.372173057529128215e+00 -2.559215201165880416e+00
-7.106287236668165086e-01 -7.246178936457434716e-01 -7.098683113411712320e-01 -7.529374494412813812e-01 -1.967587766973218466e+00 -7.000000000000000666e-01
0.000000000000000000e+00 0.000000000000000000e+00 0.000000000000000000e+00 0.000000000000000000e+00 0.000000000000000000e+00 0.000000000000000000e+00
-1.631171454561022305e+00 -1.656114159002054276e+00 -1.646393785006277088e+00 -1.630933521881559045e+00 -3.680268911645960817e+00 -3.113126896005907529e+00
-1.579396168703077752e+00 -1.569494623331392447e+00 -1.586521486891626864e+00 -1.590097699556431321e+00 -2.661570083847727197e+00 -2.589291703115704557e+00
-1.450819646946030161e+00 -1.426434310477267653e+00 -1.447206121091847653e+00 -1.443531865439416473e+00 -2.016153167318151418e+00 -2.028400276284540560e+00
-1.514229371169772742e+00 -1.538562130156515328e+00 -1.524155622608738936e+00 -1.512633856085079831e+00 -3.102034652582880359e+00 -2.010176105241637146e+00
0.000000000000000000e+00 0.000000000000000000e+00 0.000000000000000000e+00 0.000000000000000000e+00 0.000000000000000000e+00 0.000000000000000000e+00
-1.482741587169102537e+00 -1.472923778738843170e+00 -1.471916634406012170e+00 -1.502993667216309337e+00 -3.057015139360000244e+00 -2.006534111418192712e+00
-1.537352302659189762e+00 -1.507060111760433641e+00 -1.511497961639117538e+00 -1.507177530985631897e+00 -3.124644500746994957e+00 -3.046144507000000168e+00
-1.525374331017967044e+00 -1.527791783373196211e+00 -1.519873207920713787e+00 -1.535451309997807101e+00 -4.453740385257317413e+00 -2.574019946890766519e+00
-1.468269046612891371e+00 -1.472387563749365080e+00 -1.462960938643760755e+00 -1.487250403354012596e+00 -3.658193672894432869e+00 -2.611238431622991740e+00
0.000000000000000000e+00 0.000000000000000000e+00 0.000000000000000000e+00 0.000000000000000000e+00 0.000000000000000000e+00 0.000000000000000000e+00
-1.588370985359558452e+00 -1.598463393328800386e+00 -1.594669822552774008e+00 -1.611562454347626572e+00 -2.566012182148841969e+00 -4.595374875349736321e+00
-1.449054370523136237e+00 -1.449803533288809732e+00 -1.470246599675236077e+00 -1.448583692939865664e+00 -4.907680978638335745e+00 -2.044346519320000333e+00
-1.471818828696891401e+00 -1.474067052128833044e+00 -1.445594289966101176e+00 -1.442892317746349740e+00 -3.635505166958440171e+00 -3.129710588047435404e+00
-1.526923515540151044e+00 -1.526762995530824174e+00 -1.527831555750508663e+00 -1.509637097045270604e+00 -3.210861384257393425e+00 -3.097152168840737296e+00
0.000000000000000000e+00 0.000000000000000000e+00 0.000000000000000000e+00 0.000000000000000000e+00 0.000000000000000000e+00 0.000000000000000000e+00
-8.553686996865011993e-01 -8.561053948006597247e-01 -8.959075698158577294e-01 -8.938880446980573824e-01 -1.381282000000000121e+00 -2.541609357574711847e+00
-2.711544962761600619e-01 -2.995800762441667153e-01 -6.825633888629578649e-02 -2.723273376722953887e-01 -1.354028200000000126e+00 -1.959458200000000261e+00
-8.931074779644417871e-01 -9.335471960164476446e-01 -9.103114490702038930e-01 -9.302250806641645386e-01 -1.381282000000000121e+00 -1.381282000000000121e+00
-6.628142117616031559e-01 -6.339126489663242658e-01 -6.318508342527098254e-01 -6.339557410688675398e-01 -7.000000000000000666e-01 -7.000000000000000666e-01
0.000000000000000000e+00 0.000000000000000000e+00 0.000000000000000000e+00 0.000000000000000000e+00 0.000000000000000000e+00 0.000000000000000000e+00
-1.649370475123057345e+00 -1.664146772418579445e+00 -1.654706564052228712e+00 -1.666830449428605254e+00 -4.889776282502739768e+00 -3.065353069960763399e+00
-1.602953864703158704e+00 -1.589637008289543907e+00 -1.601535195424021341e+00 -1.595165609823182562e+00 -4.169926837191942681e+00 -2.566269428436972255e+00
-1.473512917116719168e+00 -1.469326776704864557e+00 -1.482486395994945250e+00 -1.493301023676246952e+00 -3.162615078414753533e+00 -2.044346519320000333e+00
-1.488290733357190865e+00 -1.464763180195261194e+00 -1.482936989747926537e+00 -1.496548836624512768e+00 -3.640508282093399828e+00 -3.556384229688111187e+00
0.000000000000000000e+00 0.000000000000000000e+00 0.000000000000000000e+00 0.000000000000000000e+00 0.000000000000000000e+00 0.000000000000000000e+00
-1.437419056360830671e+00 -1.444449262228689745e+00 -1.419638708325320131e+00 -1.449900550700957025e+00 -4.447785046701934419e+00 -4.574919434350384506e+00
-1.459840008057759153e+00 -1.443885262303656214e+00 -1.448126624964184206e+00 -1.449550113358905268e+00 -3.098551415539653409e+00 -3.611756389657695632e+00
-1.519068464128174423e+00 -1.501327040191215545e+00 -1.516448786332420307e+00 -1.540589102744326588e+00 -3.067451199603161260e+00 -2.024727000174308955e+00
-1.496026229616095327e+00 -1.484978654436758694e+00 -1.480938226109692391e+00 -1.473390025352051991e+00 -2.034642618803759628e+00 -4.059429413745285764e+00
0.000000000000000000e+00 0.000000000000000000e+00 0.000000000000000000e+00 0.000000000000000000e+00 0.000000000000000000e+00 0.000000000000000000e+00
-1.619333185309490108e+00 -1.638449643642622577e+00 -1.625456619432157579e+00 -1.615716082381720264e+00 -4.074028625514841906e+00 -4.135210943215057000e+00
-1.449666695955989182e+00 -1.451203597549501234e+00 -1.422257205781656930e+00 -1.444977974479569882e+00 -3.109977152475552842e+00 -4.078294598102917945e+00
-1.455108101170230261e+00 -1.450066441879139800e+00 -1.455010532128770961e+00 -1.464655761974244852e+00 -2.020409656604138515e+00 -3.059833382987391381e+00
-1.510762358106874093e+00 -1.499220441018738859e+00 -1.487389759950848767e+00 -1.487223203480207756e+00 -2.044346519320000333e+00 -2.570024872608261290e+00
0.000000000000000000e+00 0.000000000000000000e+00 0.000000000000000000e+00 0.000000000000000000e+00 0.000000000000000000e+00 0.000000000000000000e+00
-9.835377842692347716e-01 -9.913147674768594264e-01 -9.645682901061071179e-01 -9.639146087874530533e-01 -1.959589199932000092e+00 -3.099792236780891219e+00
-2.043036520000000578e-01 4.069568132690157825e+00 -1.583292771317131586e-01 -1.437606520000000165e-01 -1.354028200000000126e+00 -7.000000000000000666e-01
-1.002717829242279812e+00 -9.794642531106012573e-01 -1.010651163013900566e+00 -1.015208516324483501e+00 -1.378800712552064267e+00 -2.004955816099973642e+00
-7.504473623739050803e-01 -7.136297306331086387e-01 -7.245283403395177402e-01 -7.124696710367792729e-01 -4.025692325475711542e+00 -1.983651375618754820e+00
0.000000000000000000e+00 0.000000000000000000e+00 0.000000000000000000e+00 0.000000000000000000e+00 0.000000000000000000e+00 0.000000000000000000e+00
-1.548652500951934741e+00 -1.545111489193134124e+00 -1.562375950612617137e+00 -1.544720503598300265e+00 -4.512548986916517180e+00 -2.008357845508222717e+00
-1.351519164807363893e+00 -1.367496251418899966e+00 -1.356272322894355398e+00 -1.336724338109027244e+00 -4.474163572314304282e+00 -3.561871610344997663e+00
-1.295543686681453810e+00 -1.325788094239204629e+00 -1.326944289533043886e+00 -1.321910299166267233e+00 -1.959458200000000261e+00 -3.579514840052151481e+00
-1.600139318673720057e+00 -1.584022798147958433e+00 -1.609480611416016504e+00 -1.574308531456894533e+00 -4.187138301377776095e+00 -4.579774533553846894e+00
0.000000000000000000e+00 0.000000000000000000e+00 0.000000000000000000e+00 0.000000000000000000e+00 0.000000000000000000e+00 0.000000000000000000e+00
-1.577553053061496735e+00 -1.569067205157437694e+00 -1.584087049849339346e+00 -1.572310647964104247e+00 -2.567178111811261765e+00 -5.677114560065710691e+00
-1.668245773591571668e+00 -1.672297830558896470e+00 -1.677880131492362814e+00 -1.655545270264267899e+00 -2.011167293980226312e+00 -1.956430000000000113e+00
-1.352423186638255004e+00 -1.330745674747160656e+00 -1.344424797254520909e+00 -1.342343098357125175e+00 -2.566545807725618467e+00 -3.068891843801194064e+00
-1.395118525136759269e+00 -1.399045092200398077e+00 -1.402093601518496602e+00 -1.374394072201952310e+00 -3.115955201636316119e+00 -2.528074416112000122e+00
0.000000000000000000e+00 0.000000000000000000e+00 0.000000000000000000e+00 0.000000000000000000e+00 0.000000000000000000e+00 0.000000000000000000e+00
-1.459017901971833675e+00 -1.469903514987030979e+00 -1.465038697928596756e+00 -1.451355866885122303e+00 -2.009384226666681261e+00 -2.014874260000000028e+00
-1.593576760116463431e+00 -1.597354594172776698e+00 -1.560362136311938874e+00 -1.562538457970439554e+00 -1.971824251577551479e+00 -3.109721907955706577e+00
-1.551504223165976359e+00 -1.556014252085773819e+00 -1.533243903951104992e+00 -1.542868548768590697e+00 -4.023346451898270004e+00 -4.489055928849088772e+00
-1.573085237024048233e+00 -1.568904254179612323e+00 -1.580600602556157863e+00 -1.576159302733417533e+00 -3.565322164930440518e+00 -1.981420566648087966e+00
0.000000000000000000e+00 0.000000000000000000e+00 0.000000000000000000e+00 0.000000000000000000e+00 0.000000000000000000e+00 0.000000000000000000e+00
-4.097421243034471972e-01 -3.206459364407748258e-01 -3.884523819825007052e-01 -3.929041765841669309e-01 -1.956430000000000113e+00 -1.359463516180000164e+00
-8.570033530544921563e-01 -8.558217124165116152e-01 -8.657869465608792892e-01 -8.266142367802460367e-01 -1.381282000000000121e+00 -1.362635558679619940e+00
-4.550320114257478399e-01 -4.798684402819718975e-01 -5.345348451017176705e-01 -5.099595486769835651e-01 -1.359463516180000164e+00 -7.000000000000000666e-01
-9.115461264381409245e-01 -9.145641055137404551e-01 -8.678392626544992883e-01 -8.745105720887422773e-01 -1.377548311966465988e+00 -4.012693739314944885e+00
0.000000000000000000e+00 0.000000000000000000e+00 0.000000000000000000e+00 0.000000000000000000e+00 0.000000000000000000e+00 0.000000000000000000e+00
-1.569195858648082753e+00 -1.578500196419391655e+00 -1.569669220401673781e+00 -1.575924006262380939e+00 -2.535814486227399911e+00 -4.128925596454962488e+00
-1.455444894955225887e+00 -1.461518046459976627e+00 -1.450254975393803436e+00 -1.462622070897742210e+00 -4.065245363317436578e+00 -3.593988331375588263e+00
-1.349845365195494917e+00 -1.328755242340787568e+00 -1.350722823292721975e+00 -1.339659587778970096e+00 -2.533378732360000107e+00 -3.092141583844743913e+00
-1.609766804102531701e+00 -1.608723874221315686e+00 -1.614710939546970758e+00 -1.596512047936943901e+00 -2.030847912334844629e+00 -2.023707292413083003e+00
0.000000000000000000e+00 0.000000000000000000e+00 0.000000000000000000e+00 0.000000000000000000e+00 0.000000000000000000e+00 0.000000000000000000e+00
-1.579458020717493083e+00 -1.584285572092170913e+00 -1.579614360614711499e+00 -1.583638111954152938e+00 -3.613892575755288661e+00 -4.951456073019836701e+00
-1.641187723362123263e+00 -1.639996514817417150e+00 -1.657650749746178542e+00 -1.651574081052334497e+00 -3.139827744438722146e+00 -3.142930637415020101e+00
-1.405965357557699358e+00 -1.411590828385796526e+00 -1.392490330513168839e+00 -1.407051540354268715e+00 -3.118461129419990652e+00 -2.535999314539335359e+00
-1.450835252808796660e+00 -1.425170174925356914e+00 -1.454414365332362458e+00 -1.434114508789861908e+00 -2.549964493094667439e+00 -2.535814486227399911e+00
0.000000000000000000e+00 0.000000000000000000e+00 0.000000000000000000e+00 0.000000000000000000e+00 0.000000000000000000e+00 0.000000000000000000e+00
-1.508525583265726056e+00 -1.518647124516132818e+00 -1.524490985398694765e+00 -1.523612214870428305e+00 -3.601145823227009046e+00 -4.854646389113702831e+00
-1.527905588717362706e+00 -1.525318245275383067e+00 -1.515279775875469248e+00 -1.526476113598147721e+00 -2.040609183564104256e+00 -1.978358022498418300e+00
-1.526577952150202089e+00 -1.521758661273037161e+00 -1.498626301850507714e+00 -1.517761037123948720e+00 -4.096989305567966255e+00 -2.649339154159612519e+00
-1.582511368630947546e+00 -1.565070226109323670e+00 -1.554041271043279826e+00 -1.578421557971782851e+00 -3.583117576021659811e+00 -2.545633094505716620e+00
0.000000000000000000e+00 0.000000000000000000e+00 0.000000000000000000e+00 0.000000000000000000e+00 0.000000000000000000e+00 0.000000000000000000e+00
-4.431205938969936531e-01 -4.950178537533376222e-01 -4.746725906791690597e-01 -4.448120826096813585e-01 -7.000000000000000666e-01 -7.000000000000000666e-01
-6.976856997963535312e-01 -7.030187749633844962e-01 -7.401379007923333253e-01 -7.091413580734594602e-01 -7.000000000000000666e-01 -7.000000000000000666e-01
-6.698688537257135867e-01 -6.933820220637083587e-01 -6.449707436023617291e-01 -6.845785393318706280e-01 -1.965343481868760289e+00 -2.525324326000000230e+00
-7.287957701336326144e-01 -7.809384386459370386e-01 -7.381505391511353764e-01 -7.552012510600013551e-01 -2.522508100000000031e+00 -1.356844426000000103e+00
0.000000000000000000e+00 0.000000000000000000e+00 0.000000000000000000e+00 0.000000000000000000e+00 0.000000000000000000e+00 0.000000000000000000e+00
-1.610678072992126619e+00 -1.620241370326651609e+00 -1.625278179757228214e+00 -1.627778917598827313e+00 -5.657101715385150165e+00 -6.207885037359570646e+00
-1.510572633076979310e+00 -1.520045042166439098e+00 -1.524607341039279085e+00 -1.526858233741880122e+00 -3.127547855513393316e+00 -3.602664920940879423e+00
-1.398899691960247882e+00 -1.391154903972865009e+00 -1.398614129445665100e+00 -1.389349621901377452e+00 -3.593325375678384503e+00 -2.017821485932000058e+00
-1.580792555880591976e+00 -1.602331790297617964e+00 -1.584808416816506860e+00 -1.583156776616198025e+00 -4.604347338194003214e+00 -1.990788006789929510e+00
0.000000000000000000e+00 0.000000000000000000e+00 0.000000000000000000e+00 0.000000000000000000e+00 0.000000000000000000e+00 0.000000000000000000e+00
-1.564276615667670622e+00 -1.577298303717999062e+00 -1.566628527241376689e+00 -1.575476703726918615e+00 -2.561283966617492691e+00 -3.093117178497049480e+00
-1.618239984206398363e+00 -1.608346732539855273e+00 -1.621269890990047147e+00 -1.623072867318686274e+00 -3.615998924479235654e+00 -2.592891136638379557e+00
-1.422932181942337060e+00 -1.424657714425461075e+00 -1.432251901712509490e+00 -1.439274275600497255e+00 -5.328457432015762052e+00 -3.630019547399349733e+00
-1.444971747699288489e+00 -1.457719124877137951e+00 -1.468500841365200760e+00 -1.455976732882062752e+00 -3.592067092342601242e+00 -5.549220560550602421e+00
0.000000000000000000e+00 0.000000000000000000e+00 0.000000000000000000e+00 0.000000000000000000e+00 0.000000000000000000e+00 0.000000000000000000e+00
-1.544910329026143447e+00 -1.539940775846327936e+00 -1.560093265869131773e+00 -1.564292833330795940e+00 -3.106861060772006855e+00 -4.086911425777104867e+00
-1.456766247448138651e+00 -1.477920717428909958e+00 -1.446707441280776774e+00 -1.471770894889885550e+00 -4.100588621589086991e+00 -3.108261379457935902e+00
-1.476890401774982653e+00 -1.481401067650776282e+00 -1.472768400402498123e+00 -1.458146386325342769e+00 -4.002606989134172011e+00 -7.006138751456539637e+00
-1.519465167936702166e+00 -1.527369789978633818e+00 -1.536041178742159508e+00 -1.534149584990573967e+00 -2.578430184127220581e+00 -2.565758639295504295e+00
0.000000000000000000e+00 0.000000000000000000e+00 0.000000000000000000e+00 0.000000000000000000e+00 0.000000000000000000e+00 0.000000000000000000e+00
-6.219489521584584679e-01 -6.406755366892546988e-01 -5.991488501560451319e-01 -6.420854918850629200e-01 -1.965157283468882854e+00 -1.987590535384307966e+00
-5.592481913986974140e-01 -5.559146703171448101e-01 -5.753415900039581254e-01 -5.300015514563458652e-01 -1.351000000000000201e+00 -1.973611918913363183e+00
-7.439655123872592757e-01 -7.475997562533394092e-01 -7.688498005432014004e-01 -7.930704409388180665e-01 -1.381282000000000121e+00 -1.381282000000000121e+00
-6.143642126161292794e-01 -6.309650059862440541e-01 -5.970236366524791505e-01 -6.219707187522208747e-01 -1.354028200000000126e+00 -3.048960733000000367e+00
0.000000000000000000e+00 0.000000000000000000e+00 0.000000000000000000e+00 0.000000000000000000e+00 0.000000000000000000e+00 0.000000000000000000e+00
-1.647773325685208734e+00 -1.643974729230708975e+00 -1.651959800956820379e+00 -1.632678347523890849e+00 -6.256277037611758907e+00 -5.621891601427353002e+00
-1.570359850744538210e+00 -1.589079438830259816e+00 -1.584636521995113512e+00 -1.591676622057947244e+00 -3.628105549559756060e+00 -4.043690116170827409e+00
-1.451782578944371904e+00 -1.449338391691011863e+00 -1.436850369970944730e+00 -1.464761314734874142e+00 -3.604520761747188384e+00 -2.015474538939527882e+00
-1.524419106850583683e+00 -1.537777275390125542e+00 -1.531602710020464331e+00 -1.533161589540608549e+00 -3.645576517100502123e+00 -1.998799616886166586e+00
0.000000000000000000e+00 0.000000000000000000e+00 0.000000000000000000e+00 0.000000000000000000e+00 0.000000000000000000e+00 0.000000000000000000e+00
-1.557767026874059324e+00 -1.533823692724490817e+00 -1.531050307819862510e+00 -1.559102974631223937e+00 -3.121726564069732923e+00 -2.564852511158400628e+00
-1.557892623716529146e+00 -1.574832553786289724e+00 -1.578668466639736367e+00 -1.580518951193327970e+00 -3.130771790480641137e+00 -4.064141933601314705e+00
-1.510821662219903772e+00 -1.512657359514488542e+00 -1.502212613127429597e+00 -1.487220696194187619e+00 -2.015753614510190417e+00 -3.062322813276160183e+00
-1.467057195775279155e+00 -1.494587608429373438e+00 -1.491794426931099871e+00 -1.486731203648264499e+00 -3.620514433200880511e+00 -2.563976131658074475e+00
0.000000000000000000e+00 0.000000000000000000e+00 0.000000000000000000e+00 0.000000000000000000e+00 0.000000000000000000e+00 0.000000000000000000e+00
-1.611819054010361851e+00 -1.623874316144837238e+00 -1.619096559951613390e+00 -1.603540019304150688e+00 -3.119138911567388650e+00 -4.045974620803645116e+00
-1.403018204587863416e+00 -1.429768092892041986e+00 -1.406148636846977107e+00 -1.418159662704197466e+00 -3.183409773211108185e+00 -1.985391470566697514e+00
-1.418888222826605761e+00 -1.430393106500958078e+00 -1.437197909196176626e+00 -1.443013302143835608e+00 -4.143886170515758138e+00 -4.064241539816188187e+00
-1.515377313401466974e+00 -1.509639855516355489e+00 -1.492923686895741842e+00 -1.511380228375780899e+00 -1.985626828668264565e+00 -1.981912662922407531e+00
0.000000000000000000e+00 0.000000000000000000e+00 0.000000000000000000e+00 0.000000000000000000e+00 0.000000000000000000e+00 0.000000000000000000e+00
-8.005787884342608907e-01 -8.219157031308288452e-01 -8.362118874254896861e-01 -8.380857141275362965e-01 -1.970335939209857834e+00 -1.381282000000000121e+00
-5.458136626694920501e-01 -5.238507020939258130e-01 -5.042586962836814735e-01 -5.021655142593376420e-01 -7.000000000000000666e-01 -1.359594516112000218e+00
-8.883789570886484466e-01 -8.903119051932747441e-01 -8.915543022997470812e-01 -9.133079672000716798e-01 -1.362624007177194452e+00 -1.381282000000000121e+00
-1.053405555776470715e-01 -4.076371216877968662e-01 -3.955281769003445858e-01 -3.945912896243923829e-01 -7.000000000000000666e-01 -7.000000000000000666e-01
0.000000000000000000e+00 0.000000000000000000e+00 0.000000000000000000e+00 0.000000000000000000e+00 0.000000000000000000e+00 0.000000000000000000e+00
-1.646915122221856764e+00 -1.656747157610294785e+00 -1.650127174275745068e+00 -1.651358347779307234e+00 -3.121603360529703330e+00 -3.607432323165092658e+00
-1.610243465853551825e+00 -1.595244923052026031e+00 -1.595294728239517568e+00 -1.600498608420298341e+00 -2.635910818031962144e+00 -2.020689903042578450e+00
-1.453777456855267269e+00 -1.447943024377264187e+00 -1.453752247263692343e+00 -1.476956214526207178e+00 -4.939329697645147732e+00 -2.588007042998629714e+00
-1.528561400246161162e+00 -1.499176765618587481e+00 -1.516589683680730882e+00 -1.511696819271797443e+00 -2.023111461757347129e+00 -4.938439013149135803e+00
0.000000000000000000e+00 0.000000000000000000e+00 0.000000000000000000e+00 0.000000000000000000e+00 0.000000000000000000e+00 0.000000000000000000e+00
-1.520972041942055153e+00 -1.517453279825478063e+00 -1.506671914534388090e+00 -1.512480622424916099e+00 -3.647434940903373946e+00 -5.270746538096816813e+00
-1.528924539276840022e+00 -1.544247042591448515e+00 -1.546233524397850445e+00 -1.523978489273419834e+00 -3.145314586703695792e+00 -1.973376787135416421e+00
-1.526289316417944297e+00 -1.521526444038086012e+00 -1.514188839129593234e+00 -1.504215786835659374e+00 -2.559007383242149825e+00 -3.618102859065937871e+00
-1.494408570175381090e+00 -1.492344310566579235e+00 -1.486036982714232124e+00 -1.506829545594875031e+00 -2.538686406276160046e+00 -1.965221651932000047e+00
0.000000000000000000e+00 0.000000000000000000e+00 0.000000000000000000e+00 0.000000000000000000e+00 0.000000000000000000e+00 0.000000000000000000e+00
-1.645387969386089777e+00 -1.640075680629468513e+00 -1.627607136633718143e+00 -1.623573819746425784e+00 -4.533863506616207850e+00 -3.116768185800190327e+00
-1.374244849254333545e+00 -1.366025339198498223e+00 -1.354932183679486091e+00 -1.368736172523310701e+00 -4.107254382693709793e+00 -2.559317370290550286e+00
-1.414289461601797582e+00 -1.438630236771169857e+00 -1.423586135635597438e+00 -1.418953597763612517e+00 -4.047738300340520290e+00 -2.025482083566332747e+00
-1.455692596578096243e+00 -1.450461316977175619e+00 -1.455713054469754297e+00 -1.473779798822803633e+00 -1.980272622144751971e+00 -2.579314853231014837e+00
0.000000000000000000e+00 0.000000000000000000e+00 0.000000000000000000e+00 0.000000000000000000e+00 0.000000000000000000e+00 0.000000000000000000e+00
-9.154732908465855745e-01 -8.945219681369735998e-01 -8.723816492259454103e-01 -8.976517590415814540e-01 -1.976266345334253494e+00 -1.967962572048760128e+00
-4.175165523250952138e-01 -2.761823247466275166e-01 -3.929041765841669309e-01 -3.991922049579170739e-01 -1.356975425932000157e+00 -7.000000000000000666e-01
-9.598994664424537193e-01 -9.596419251772208003e-01 -9.599721593840575551e-01 -9.489250764202992183e-01 -1.381282000000000121e+00 -1.351000000000000201e+00
-5.173573170353242823e-01 -4.838721650899227567e-01 -5.103007985508586364e-01 -5.021984947198026017e-01 -7.000000000000000666e-01 -1.354028200000000126e+00
0.000000000000000000e+00 0.000000000000000000e+00 0.000000000000000000e+00 0.000000000000000000e+00 0.000000000000000000e+00 0.000000000000000000e+00
-1.538781746211184132e+00 -1.555658294898647709e+00 -1.545449381025051139e+00 -1.535321348278256837e+00 -4.031078145622265296e+00 -1.959589199932000092e+00
-1.364784563295284858e+00 -1.342154604062411938e+00 -1.351137868157318733e+00 -1.357809075874224281e+00 -1.373070663721881468e+00 -2.017754765028945130e+00
-1.281102012449680583e+00 -1.288772339467650463e+00 -1.286699944841425802e+00 -1.251130502408282164e+00 -3.054015577047400232e+00 -2.564152428049497168e+00
-1.604712608129940987e+00 -1.615047252266297084e+00 -1.600763995121626371e+00 -1.604012802978326047e+00 -3.621430482753524416e+00 -3.134056013610806435e+00
0.000000000000000000e+00 0.000000000000000000e+00 0.000000000000000000e+00 0.000000000000000000e+00 0.000000000000000000e+00 0.000000000000000000e+00
-1.564124011091368560e+00 -1.586529496515062476e+00 -1.573298776495439588e+00 -1.569864800641097569e+00 -2.571323336999441267e+00 -4.041910139561263549e+00
-1.711026522360324265e+00 -1.712847748747821308e+00 -1.707779233930375895e+00 -1.706918527427959908e+00 -3.137805547263039951e+00 -2.575286221924096175e+00
-1.254456249182631655e+00 -1.235696354699519883e+00 -1.250199226299132382e+00 -1.251867317525265255e+00 -1.381282000000000121e+00 -3.117699227109579585e+00
-1.276787709443955032e+00 -1.291664228032391115e+00 -1.288177125438214610e+00 -1.251646143310332970e+00 -4.024678076088411771e+00 -1.972764586227400141e+00
0.000000000000000000e+00 0.000000000000000000e+00 0.000000000000000000e+00 0.000000000000000000e+00 0.000000000000000000e+00 0.000000000000000000e+00
-1.352685045974148181e+00 -1.369993968268422568e+00 -1.357000773547619055e+00 -1.353210615454187193e+00 -1.362030269979400021e+00 -3.115061976366529262e+00
-1.633230550929097857e+00 -1.637706535089765048e+00 -1.631097314741127624e+00 -1.630577368519014803e+00 -2.552167502709470348e+00 -3.147353267522874809e+00
-1.508213189910840413e+00 -1.535859868237573700e+00 -1.512840567686182025e+00 -1.514322846274746226e+00 -4.096325961539089455e+00 -3.591600512659191224e+00
-1.562098313406847572e+00 -1.571343497525551580e+00 -1.566439133619862423e+00 -1.544264167026696777e+00 -3.571528207749749217e+00 -4.554776658132698941e+00
0.000000000000000000e+00 0.000000000000000000e+00 0.000000000000000000e+00 0.000000000000000000e+00 0.000000000000000000e+00 0.000000000000000000e+00
-7.256152110482687601e-01 -7.055407344963384730e-01 -6.702440470433986830e-01 -6.748840010202946660e-01 -1.956430000000000113e+00 -1.359843843042578548e+00
-9.176421766875719754e-01 -9.581921830308280930e-01 -9.209460585725344206e-01 -9.211261593910893275e-01 -1.370041505153144490e+00 -1.381282000000000121e+00
1.559809509255097204e+00 -1.438916519320000420e-01 -2.043036520000000578e-01 -1.381282000000000343e-01 -7.000000000000000666e-01 -1.349438748499686591e+00
-1.019488852096550158e+00 -1.025009220801768484e+00 -1.010225625416486084e+00 -1.010651163013900566e+00 -3.057395466222578406e+00 -1.959458200000000261e+00
0.000000000000000000e+00 0.000000000000000000e+00 0.000000000000000000e+00 0.000000000000000000e+00 0.000000000000000000e+00 0.000000000000000000e+00
-1.626717058851307351e+00 -1.629252569355529534e+00 -1.644844374117294228e+00 -1.626811710660110322e+00 -4.511511665634341917e+00 -4.470891098006926967e+00
-1.497726158033844790e+00 -1.521782576426828237e+00 -1.499960799709930015e+00 -1.514393968051130912e+00 -4.092451864631319047e+00 -2.634288757031729489e+00
-1.383851680161891418e+00 -1.352038074529468670e+00 -1.367536410168405547e+00 -1.358094752656859416e+00 -3.089905386768660556e+00 -1.993126905577118357e+00
-1.603674147963094709e+00 -1.614942008518250205e+00 -1.613960017378485823e+00 -1.602385495730811904e+00 -4.915411101248239767e+00 -2.585436236769735441e+00
0.000000000000000000e+00 0.000000000000000000e+00 0.000000000000000000e+00 0.000000000000000000e+00 0.000000000000000000e+00 0.000000000000000000e+00
-1.611322110143762032e+00 -1.621808910946357374e+00 -1.604917854473205008e+00 -1.597880769139545354e+00 -3.086968195432302942e+00 -1.980545811005667733e+00
-1.689266236748509176e+00 -1.663965358228733482e+00 -1.685459319445905768e+00 -1.683130732967413890e+00 -2.598760897463682440e+00 -2.608784501650851517e+00
-1.381980826650747174e+00 -1.405719386191141007e+00 -1.401679243328294300e+00 -1.390065503701022331e+00 -3.116301380845804658e+00 -4.514981316650571230e+00
-1.412904029975986742e+00 -1.439735795627845150e+00 -1.423955350671837872e+00 -1.424976336448807279e+00 -3.097137904094770633e+00 -2.044346519320000333e+00
0.000000000000000000e+00 0.000000000000000000e+00 0.000000000000000000e+00 0.000000000000000000e+00 0.000000000000000000e+00 0.000000000000000000e+00
-1.531846359094968246e+00 -1.511628493337330958e+00 -1.533987896644481541e+00 -1.517606807462894114e+00 -2.582526782741081384e+00 -4.017420911143600115e+00
-1.480508280587147896e+00 -1.489572941027373920e+00 -1.495005940237214892e+00 -1.485425175472817161e+00 -2.036163446509381636e+00 -2.569978440470845449e+00
-1.526332385089852250e+00 -1.547143379521105366e+00 -1.547166331719121990e+00 -1.519360747260595890e+00 -4.891284187322186838e+00 -3.628127515396462055e+00
-1.584586906896362501e+00 -1.574555072594922667e+00 -1.561727918571651497e+00 -1.575036366439056756e+00 -3.583665407764186739e+00 -3.620250918354380065e+00
0.000000000000000000e+00 0.000000000000000000e+00 0.000000000000000000e+00 0.000000000000000000e+00 0.000000000000000000e+00 0.000000000000000000e+00
-4.427053990897670821e-01 -4.035772599509900305e-01 -3.994138891452190809e-01 -3.929041765841669309e-01 -1.351000000000000201e+00 -7.000000000000000666e-01
-5.938672400576988641e-01 -6.392703629993081726e-01 -6.059939147388285763e-01 -6.168544241097283498e-01 -7.000000000000000666e-01 -7.000000000000000666e-01
-6.565822292170333530e-01 -6.239591452705495200e-01 -6.686446133030420347e-01 -6.656396794445567089e-01 -7.000000000000000666e-01 -1.356975425932000157e+00
-6.502683931865870237e-01 -6.900257507209450747e-01 -6.591833055946056952e-01 -6.747785375476003100e-01 -7.000000000000000666e-01 -7.000000000000000666e-01
0.000000000000000000e+00 0.000000000000000000e+00 0.000000000000000000e+00 0.000000000000000000e+00 0.000000000000000000e+00 0.000000000000000000e+00
-1.630885034236859710e+00 -1.631394194932169528e+00 -1.626721789675398933e+00 -1.630360037598583167e+00 -4.506732645642449242e+00 -4.033201670996413135e+00
-1.513170274211581789e+00 -1.502855346370737033e+00 -1.487769845847761951e+00 -1.516419030430433024e+00 -2.616286700221928996e+00 -2.017948982925818591e+00
-1.372805332731575012e+00 -1.367686013806699075e+00 -1.357981506534166938e+00 -1.387527775434503452e+00 -3.075676073398091681e+00 -2.577164883774460957e+00
-1.614792012188891235e+00 -1.632790873887386196e+00 -1.602331956235648835e+00 -1.611538056404993036e+00 -3.096854296412825391e+00 -5.926048380802765969e+00
0.000000000000000000e+00 0.000000000000000000e+00 0.000000000000000000e+00 0.000000000000000000e+00 0.000000000000000000e+00 0.000000000000000000e+00
-1.590241783069369585e+00 -1.609229695187383680e+00 -1.602774755159042996e+00 -1.604894591618863720e+00 -2.562511808870410412e+00 -4.080303071963712114e+00
-1.665595683974259167e+00 -1.674880455227885756e+00 -1.653048156690103188e+00 -1.668315753424803649e+00 -3.649326070132626665e+00 -2.580831602557768445e+00
-1.403604650316206737e+00 -1.400129486471576090e+00 -1.388440598568089879e+00 -1.404771149822452658e+00 -2.591525432277720586e+00 -1.962405425932000291e+00
-1.407251359557583736e+00 -1.413257882220277484e+00 -1.388016111403637343e+00 -1.412263682271710508e+00 -2.036163241307078486e+00 -3.177515149638594938e+00
0.000000000000000000e+00 0.000000000000000000e+00 0.000000000000000000e+00 0.000000000000000000e+00 0.000000000000000000e+00 0.000000000000000000e+00
-1.518490160991710747e+00 -1.538692573921892848e+00 -1.537469092901352585e+00 -1.531638408228391146e+00 -3.581600659085783622e+00 -4.057593865749839601e+00
-1.442924401680621527e+00 -1.469471793420373151e+00 -1.456866816249034802e+00 -1.467245234717022173e+00 -3.080492279156530344e+00 -1.956430000000000113e+00
-1.524386702988192122e+00 -1.506915655850983082e+00 -1.516674188684351554e+00 -1.536150051933244276e+00 -5.032559697550233579e+00 -3.105190673851008221e+00
-1.539362851026689682e+00 -1.563920595859396467e+00 -1.544552272590768327e+00 -1.559412449248913646e+00 -3.643788191556921685e+00 -1.994050762560592549e+00
0.000000000000000000e+00 0.000000000000000000e+00 0.000000000000000000e+00 0.000000000000000000e+00 0.000000000000000000e+00 0.000000000000000000e+00
-4.407103853433380070e-01 -4.777423710691368619e-01 -4.497535080638020433e-01 -4.453031166028572629e-01 -2.534151608040466019e+00 -7.000000000000000666e-01
-5.491667979877472572e-01 -5.669507602241002919e-01 -5.103007985508586364e-01 -5.586642948056401714e-01 -7.000000000000000666e-01 -7.000000000000000666e-01
-6.557890372234742582e-01 -7.018455656675771648e-01 -6.748840010202946660e-01 -6.728906294663281606e-01 -1.377812608787538640e+00 -7.000000000000000666e-01
-6.178588782023810566e-01 -6.130907195983883451e-01 -6.213946299525309191e-01 -6.384978231637912227e-01 -1.970442936511689780e+00 -1.959458200000000261e+00
0.000000000000000000e+00 0.000000000000000000e+00 0.000000000000000000e+00 0.000000000000000000e+00 0.000000000000000000e+00 0.000000000000000000e+00
-1.662284839853652718e+00 -1.668521962596817065e+00 -1.665697282662396361e+00 -1.655369751813594137e+00 -3.124880091922768166e+00 -6.666120385791083791e+00
-1.604828038418643965e+00 -1.623227426642010141e+00 -1.619411189837523191e+00 -1.600421816628353922e+00 -3.080877401124024750e+00 -1.976196253366675482e+00
-1.446571685080638048e+00 -1.450021770752041306e+00 -1.429436283036987332e+00 -1.424983545231492954e+00 -2.575714011567649120e+00 -2.020562406048759918e+00
-1.523302319379711944e+00 -1.518085953129792109e+00 -1.541809704529982783e+00 -1.516122145439189550e+00 -3.079117925386453791e+00 -3.646494098033374875e+00
0.000000000000000000e+00 0.000000000000000000e+00 0.000000000000000000e+00 0.000000000000000000e+00 0.000000000000000000e+00 0.000000000000000000e+00
-1.573417025549910253e+00 -1.570544637835959323e+00 -1.580470233529141399e+00 -1.574559631286034378e+00 -5.613213612390606677e+00 -3.082895969421060478e+00
-1.582609858891924626e+00 -1.587709477231637134e+00 -1.566518914720636868e+00 -1.575290598741993842e+00 -2.043758802947268638e+00 -1.968095339405642630e+00
-1.526077680704509332e+00 -1.546206694381903501e+00 -1.534461652651215147e+00 -1.543513103493554750e+00 -1.980702221652896444e+00 -4.454394410440933427e+00
-1.464934429536879579e+00 -1.486751211153901187e+00 -1.466865265021939146e+00 -1.480925176607446714e+00 -5.204801397922189210e+00 -6.804937835103748611e+00
0.000000000000000000e+00 0.000000000000000000e+00 0.000000000000000000e+00 0.000000000000000000e+00 0.000000000000000000e+00 0.000000000000000000e+00
-1.661112232424536206e+00 -1.671140618642699582e+00 -1.663543532126736002e+00 -1.655800840530161855e+00 -3.584204887556687424e+00 -3.600625596393832062e+00
-1.326124084679590975e+00 -1.359615894092114807e+00 -1.324216751669145431e+00 -1.322360698628957332e+00 -2.014838350999166305e+00 -3.097816739714830625e+00
-1.354959393946214119e+00 -1.339247832917611403e+00 -1.353749726655524510e+00 -1.358387625285700562e+00 -1.968046841667720148e+00 -1.967709742180000054e+00
-1.386329574736070436e+00 -1.422438284310079570e+00 -1.403040907743420940e+00 -1.390582649603941068e+00 -2.044346519320000333e+00 -2.538686406276160046e+00
0.000000000000000000e+00 0.000000000000000000e+00 0.000000000000000000e+00 0.000000000000000000e+00 0.000000000000000000e+00 0.000000000000000000e+00
-9.522286380038034181e-01 -9.274752322252576286e-01 -9.168634704627856014e-01 -9.050800620144999753e-01 -4.028266388201735104e+00 -1.956430000000000113e+00
-7.282586424089583232e-01 -7.528119825231168738e-01 -7.493131418762932761e-01 -7.268376028330120198e-01 -1.378024691692754544e+00 -1.367117379359772844e+00
-9.980762589525113970e-01 -1.017318586916764689e+00 -1.003262905560759366e+00 -1.010651163013900566e+00 -1.381282000000000121e+00 -1.367997769585463486e+00
4.176747564454863060e+00 -1.381282000000000343e-01 -1.350999999999999979e-01 -1.381282000000000343e-01 -7.000000000000000666e-01 -1.351000000000000201e+00
0.000000000000000000e+00 0.000000000000000000e+00 0.000000000000000000e+00 0.000000000000000000e+00 0.000000000000000000e+00 0.000000000000000000e+00
-1.667910548176099850e+00 -1.652570507746077055e+00 -1.667640627635035733e+00 -1.676121057116121138e+00 -5.279878677073890358e+00 -4.982994818580721130e+00
-1.631618686086189873e+00 -1.610480873777891508e+00 -1.616720210183155482e+00 -1.628022574684861556e+00 -4.470052631759481976e+00 -2.044346519320000333e+00
-1.442951766687454507e+00 -1.464688221830757531e+00 -1.455461756809564022e+00 -1.445966552670966854e+00 -2.025729249302253621e+00 -2.002882090351322475e+00
-1.536996526132251795e+00 -1.519839219446171175e+00 -1.516692964308522296e+00 -1.529842862347744026e+00 -6.251611428044887120e+00 -1.973495359339667354e+00
0.000000000000000000e+00 0.000000000000000000e+00 0.000000000000000000e+00 0.000000000000000000e+00 0.000000000000000000e+00 0.000000000000000000e+00
-1.536759473655820107e+00 -1.560169159065604161e+00 -1.543567403924192893e+00 -1.548715087219666220e+00 -4.110035161709737039e+00 -3.125053372633100235e+00
-1.564608832138841832e+00 -1.557651335961049988e+00 -1.576159302733417533e+00 -1.581796389668441494e+00 -3.584891377488737874e+00 -4.125199344213299923e+00
-1.527815359243896554e+00 -1.521672770232288530e+00 -1.515040233567097383e+00 -1.536431327034712968e+00 -4.050136784241935572e+00 -3.127982848257065296e+00
-1.484690605338242042e+00 -1.501389128672626860e+00 -1.484997290166447881e+00 -1.472088581686672670e+00 -2.550417938610009205e+00 -4.063024966417616568e+00
0.000000000000000000e+00 0.000000000000000000e+00 0.000000000000000000e+00 0.000000000000000000e+00 0.000000000000000000e+00 0.000000000000000000e+00
-1.662725671511940062e+00 -1.656009184381883159e+00 -1.673187592084498965e+00 -1.680689406749603654e+00 -3.607157540977981913e+00 -4.052528053837074040e+00
-1.325074146451660217e+00 -1.327499706298804760e+00 -1.323780210810277858e+00 -1.347714029563903848e+00 -2.578912116074719041e+00 -1.973622704796380134e+00
-1.360617215312281969e+00 -1.371864212440915498e+00 -1.354722716547902550e+00 -1.343970288123079726e+00 -3.600468129219942082e+00 -4.912907297913003291e+00
-1.421095703115676567e+00 -1.403013705053657745e+00 -1.390186289395726638e+00 -1.404494810350431999e+00 -2.043167326299604625e+00 -2.590855481228493851e+00
0.000000000000000000e+00 0.000000000000000000e+00 0.000000000000000000e+00 0.000000000000000000e+00 0.000000000000000000e+00 0.000000000000000000e+00
-9.678657908999305226e-01 -9.438972941164581743e-01 -9.586104458986263177e-01 -9.227761110623428076e-01 -1.381282000000000121e+00 -2.531430956734228133e+00
-6.948081709796786187e-01 -6.669835311777936315e-01 -6.748840010202946660e-01 -6.922474216310450235e-01 -7.000000000000000666e-01 -1.365434991700908540e+00
-1.026257039950587258e+00 -9.876823508667726959e-01 -1.010573232168044955e+00 -1.001935105179376784e+00 -1.362519552814990931e+00 -1.959458200000000261e+00
-2.557585306243612688e-01 -2.872990127796835047e-01 -2.689680693393383670e-01 -1.401425118121478741e-01 -7.000000000000000666e-01 -7.000000000000000666e-01
0.000000000000000000e+00 0.000000000000000000e+00 0.000000000000000000e+00 0.000000000000000000e+00 0.000000000000000000e+00 0.000000000000000000e+00
-1.532596112174876568e+00 -1.535990935742456598e+00 -1.512903314626350859e+00 -1.518135479403609933e+00 -5.240929258400337964e+00 -5.205883125942538214e+00
-1.387544245657194253e+00 -1.354271108040523197e+00 -1.358538596795755504e+00 -1.385207774711202600e+00 -3.087867639003142983e+00 -3.623509723033192742e+00
-1.277774011518224118e+00 -1.300382277216953986e+00 -1.283735203453755691e+00 -1.287880987299321767e+00 -3.575138381169280954e+00 -1.997538724164618529e+00
-1.603987959866270296e+00 -1.623127510467174961e+00 -1.598243282353363215e+00 -1.603451981702571860e+00 -3.633469775795538315e+00 -1.992423538212598988e+00
0.000000000000000000e+00 0.000000000000000000e+00 0.000000000000000000e+00 0.000000000000000000e+00 0.000000000000000000e+00 0.000000000000000000e+00
-1.541845509024369232e+00 -1.579925979480555798e+00 -1.554548450670836024e+00 -1.529641648305113399e+00 -4.440137377036020183e+00 -4.410026329349599372e+00
-1.707894250434783601e+00 -1.726166055499011920e+00 -1.705768916945304525e+00 -1.704897451015431553e+00 -2.646470624162793328e+00 -2.036981548296682654e+00
-1.091816803636259658e+00 -1.121237050442468686e+00 -1.095452382291444149e+00 -1.095290786076020373e+00 -1.117001431049229332e+00 -1.381282000000000121e+00
-1.168758499904232417e+00 -1.189535103442608932e+00 -1.167216763199488749e+00 -1.170268656620780501e+00 -1.157104759721599319e+00 -3.623155067818781827e+00
0.000000000000000000e+00 0.000000000000000000e+00 0.000000000000000000e+00 0.000000000000000000e+00 0.000000000000000000e+00 0.000000000000000000e+00
-1.249671711771238813e+00 -1.237545451778035321e+00 -1.251286195051660277e+00 -1.238331246885866044e+00 -1.250180872161993584e+00 -2.638234243869601592e+00
-1.655157721200768206e+00 -1.674286954054675425e+00 -1.682810612296802733e+00 -1.651904829928328544e+00 -2.567042644141548813e+00 -1.981533282373747706e+00
-1.482486395994945250e+00 -1.496345077540357060e+00 -1.487578476384966653e+00 -1.482744744066760267e+00 -3.051832653048760058e+00 -2.533759059222578269e+00
-1.546233524397850445e+00 -1.560997074699141507e+00 -1.547540536684357315e+00 -1.547482441877712889e+00 -2.580761414851438396e+00 -2.581110068836615756e+00
0.000000000000000000e+00 0.000000000000000000e+00 0.000000000000000000e+00 0.000000000000000000e+00 0.000000000000000000e+00 0.000000000000000000e+00
-9.151620463377190262e-01 -9.277243515203237312e-01 -9.211261593910893275e-01 -9.206811236184165859e-01 -3.546550415076333174e+00 -9.347995578077631373e-01
-1.048146736969654214e+00 -1.028950686473297127e+00 -1.052082408834403848e+00 -1.053626350914908860e+00 -2.552400507053607104e+00 -1.067237256316356131e+00
-7.000000000000000666e-02 -7.000000000000000666e-02 0.000000000000000000e+00 -7.000000000000000666e-02 0.000000000000000000e+00 1.243005981999248988e+01
-1.134874778226651726e+00 -1.145934191061412699e+00 -1.136159985588971022e+00 -1.131410116797638477e+00 -1.381282000000000121e+00 -1.127915633857262900e+00
0.000000000000000000e+00 0.000000000000000000e+00 0.000000000000000000e+00 0.000000000000000000e+00 0.000000000000000000e+00 0.000000000000000000e+00
-1.662430682531336856e+00 -1.680638815264055008e+00 -1.663366271289003828e+00 -1.664097080051978539e+00 -3.145256615009476509e+00 -4.528921060006198651e+00
-1.513708273423626016e+00 -1.539575486649527702e+00 -1.529987671258985493e+00 -1.525709470070601537e+00 -3.126152245770965621e+00 -3.122232000882865677e+00
-1.358404926992707207e+00 -1.354717300628943466e+00 -1.385472624761925564e+00 -1.352534970719230456e+00 -2.585365956458911096e+00 -1.989095040864796271e+00
-1.600461301848936202e+00 -1.604749340113054590e+00 -1.615122538230879368e+00 -1.603062735450346832e+00 -4.925054509353588017e+00 -4.135367364663220080e+00
0.000000000000000000e+00 0.000000000000000000e+00 0.000000000000000000e+00 0.000000000000000000e+00 0.000000000000000000e+00 0.000000000000000000e+00
-1.654351902084745252e+00 -1.654344734403672357e+00 -1.631757439466011483e+00 -1.662509820743550915e+00 -2.635828866861349873e+00 -4.573013159543421580e+00
-1.683008728345395388e+00 -1.694115824811671667e+00 -1.706624533829640633e+00 -1.701277258957514027e+00 -4.877652102163819059e+00 -5.697653693405275277e+00
-1.389014826084375542e+00 -1.392873387905123606e+00 -1.418288270446499633e+00 -1.408773277521690348e+00 -3.552088859272694243e+00 -4.136973326982000820e+00
-1.420060176187638135e+00 -1.427967147193994757e+00 -1.401476593226334444e+00 -1.422513300027707484e+00 -4.070666024318367882e+00 -2.552390848434319182e+00
0.000000000000000000e+00 0.000000000000000000e+00 0.000000000000000000e+00 0.000000000000000000e+00 0.000000000000000000e+00 0.000000000000000000e+00
-1.510236706422675157e+00 -1.530782776274933532e+00 -1.516001297978099016e+00 -1.515509326303339233e+00 -3.642928133106297928e+00 -2.575628742093566625e+00
-1.452754181617055274e+00 -1.473824409248335021e+00 -1.442958307719252042e+00 -1.455661714325667377e+00 -3.654171164964164831e+00 -2.006635016595682330e+00
-1.529794296547140720e+00 -1.540464087344243671e+00 -1.517945894536035345e+00 -1.535196638245607037e+00 -4.061514305030630823e+00 -5.956625502020722607e+00
-1.568899941522683195e+00 -1.575757112828412021e+00 -1.588189341476787808e+00 -1.574901922525015374e+00 -2.028843094679031012e+00 -3.112123768498595844e+00
0.000000000000000000e+00 0.000000000000000000e+00 0.000000000000000000e+00 0.000000000000000000e+00 0.000000000000000000e+00 0.000000000000000000e+00
-3.901871114232599580e-01 -4.497535080638019878e-01 -4.024550823925146514e-01 -3.929041765841669309e-01 -7.000000000000000666e-01 -1.959458200000000261e+00
-5.641504766240122981e-01 -5.739599623450094557e-01 -5.594277757692615038e-01 -5.666553551976086789e-01 -7.000000000000000666e-01 -1.359716346048760016e+00
-6.190650928790861762e-01 -6.182406831063255170e-01 -6.689900524820999728e-01 -6.215029909996245827e-01 -1.970757696955416360e+00 -1.973478080222068609e+00
-6.142306772320451635e-01 -6.320598938680750400e-01 -6.102521645310658993e-01 -6.050825458556859937e-01 -2.522508100000000031e+00 -3.541377907690000271e+00
0.000000000000000000e+00 0.000000000000000000e+00 0.000000000000000000e+00 0.000000000000000000e+00 0.000000000000000000e+00 0.000000000000000000e+00
-1.667465306628048483e+00 -1.646918783534885300e+00 -1.647543308143151197e+00 -1.669773327161161891e+00 -4.505212389260214501e+00 -4.517503104203817621e+00
-1.510118047102195549e+00 -1.526858966156465103e+00 -1.517913983785092125e+00 -1.523746913249289126e+00 -4.508751726113890079e+00 -3.572354946473068171e+00
-1.358529936078757494e+00 -1.390172952242985316e+00 -1.358392822858627946e+00 -1.371888945116430669e+00 -2.567340857168737944e+00 -3.065358340323827591e+00
-1.600207432745102798e+00 -1.620067785863816390e+00 -1.595928731317763916e+00 -1.611301402729319765e+00 -4.068877231938791361e+00 -3.079836613426937930e+00
0.000000000000000000e+00 0.000000000000000000e+00 0.000000000000000000e+00 0.000000000000000000e+00 0.000000000000000000e+00 0.000000000000000000e+00
-1.625467921400013616e+00 -1.624518445261025956e+00 -1.625644474421378050e+00 -1.632692081179025090e+00 -4.067976796551626251e+00 -3.088187439712287485e+00
-1.676574865659807179e+00 -1.699801245399195304e+00 -1.681770614268753627e+00 -1.681897579112266561e+00 -2.598369978077662790e+00 -3.090052794708689987e+00
-1.424983545231492954e+00 -1.429685222955568991e+00 -1.411221243289325189e+00 -1.407368024405050821e+00 -3.097879719840005652e+00 -2.563758571687555055e+00
-1.380999909903195100e+00 -1.391238941341857549e+00 -1.389613789123624654e+00 -1.411835713360801270e+00 -2.572682512733487581e+00 -1.381282000000000121e+00
0.000000000000000000e+00 0.000000000000000000e+00 0.000000000000000000e+00 0.000000000000000000e+00 0.000000000000000000e+00 0.000000000000000000e+00
-1.515116303279129051e+00 -1.509293968124008067e+00 -1.518135479403609933e+00 -1.534377214884307339e+00 -4.503181344642801065e+00 -2.559469964333859426e+00
-1.424983545231492954e+00 -1.452396197273126743e+00 -1.420405586093179240e+00 -1.446726905234243743e+00 -3.151274066282261366e+00 -4.906720213181651857e+00
-1.517695127010848521e+00 -1.511909800506970214e+00 -1.514872134979838414e+00 -1.520237715017515034e+00 -4.472916576790581189e+00 -2.568868947812731562e+00
-1.567680377761907717e+00 -1.578684794693767435e+00 -1.574887239955451879e+00 -1.570329791623601201e+00 -4.082635649868506356e+00 -3.062697871636083313e+00
0.000000000000000000e+00 0.000000000000000000e+00 0.000000000000000000e+00 0.000000000000000000e+00 0.000000000000000000e+00 0.000000000000000000e+00
-3.929041765841669309e-01 -3.925528317945959356e-01 -3.929041765841669309e-01 -3.953187314386440443e-01 -1.351000000000000201e+00 -7.000000000000000666e-01
-5.103007985508586364e-01 -5.117761732400971653e-01 -5.101961289421454993e-01 -5.644251982535499756e-01 -7.000000000000000666e-01 -1.370566081558922900e+00
-6.215029909996245827e-01 -6.370792188434868386e-01 -6.215029909996245827e-01 -6.214588975921890857e-01 -7.000000000000000666e-01 -7.000000000000000666e-01
-6.190650928790861762e-01 -6.232675556148489227e-01 -6.215029909996245827e-01 -6.204239891740046531e-01 -7.000000000000000666e-01 -7.000000000000000666e-01
0.000000000000000000e+00 0.000000000000000000e+00 0.000000000000000000e+00 0.000000000000000000e+00 0.000000000000000000e+00 0.000000000000000000e+00
-1.669263789184928237e+00 -1.679241513639450289e+00 -1.664428369733826685e+00 -1.657453185890812586e+00 -5.240081207692123932e+00 -4.042808133923635694e+00
-1.628771507201776547e+00 -1.632961699850018933e+00 -1.622974070410463598e+00 -1.628762727755291406e+00 -5.740094343367871943e+00 -3.121365042797421996e+00
-1.454183819909512954e+00 -1.429582786610836154e+00 -1.456031481032512120e+00 -1.424860434832855516e+00 -1.989234276930530232e+00 -3.147244084950378884e+00
-1.537893867248087743e+00 -1.542948957360315010e+00 -1.516198307261695355e+00 -1.517731892912303149e+00 -3.131628515145524094e+00 -4.096936258103100137e+00
0.000000000000000000e+00 0.000000000000000000e+00 0.000000000000000000e+00 0.000000000000000000e+00 0.000000000000000000e+00 0.000000000000000000e+00
-1.568611373485003346e+00 -1.586151196262629348e+00 -1.584681357044149141e+00 -1.575086740936264107e+00 -4.954988153537069451e+00 -4.026279320783812565e+00
-1.602514225926083613e+00 -1.605567499961966016e+00 -1.594448665572354429e+00 -1.603946193394781616e+00 -2.592097136678532365e+00 -2.563979787728846826e+00
-1.569991551733496360e+00 -1.546206531633627534e+00 -1.570202002884611980e+00 -1.547540536684357315e+00 -4.110405400916639529e+00 -2.561665661456383525e+00
-1.480702226027284851e+00 -1.482569764441523663e+00 -1.482396379395061636e+00 -1.455981270705554165e+00 -3.578157692774879717e+00 -2.586887486441888484e+00
0.000000000000000000e+00 0.000000000000000000e+00 0.000000000000000000e+00 0.000000000000000000e+00 0.000000000000000000e+00 0.000000000000000000e+00
-1.681688916599969774e+00 -1.684941628669353930e+00 -1.674761971612985789e+00 -1.674916375307443195e+00 -4.548954564962311764e+00 -4.051831624720457548e+00
-1.212407276528361777e+00 -1.220932613489905005e+00 -1.243708950159724269e+00 -1.248909538000643860e+00 -1.225052089613284600e+00 -1.367678170316525943e+00
-1.209207848764454418e+00 -1.246566886382366679e+00 -1.215080577843685283e+00 -1.207243092057003420e+00 -1.232402841177423491e+00 -3.113883605274148980e+00
-1.288360902711387590e+00 -1.304375972204752099e+00 -1.290638199440707901e+00 -1.287065724736466965e+00 -1.276963506849135621e+00 -3.107603239800105221e+00
0.000000000000000000e+00 0.000000000000000000e+00 0.000000000000000000e+00 0.000000000000000000e+00 0.000000000000000000e+00 0.000000000000000000e+00
-1.039206021128725288e+00 -1.049612253316081434e+00 -1.071177840955962468e+00 -1.036986951105581589e+00 -1.381282000000000121e+00 -1.066828099737979985e+00
-9.664006832644391753e-01 -9.471180174644852068e-01 -9.719500465056322147e-01 -9.664952458889716214e-01 -1.967840742112000108e+00 -9.807257077121832589e-01
-1.095452382291444149e+00 -1.119980645125358221e+00 -1.103206750542928827e+00 -1.095452382291444149e+00 -2.542583650390815464e+00 -1.130761085725986659e+00
-7.000000000000000666e-02 -7.000000000000000666e-02 -1.350999999999999979e-01 -7.000000000000000666e-02 -7.000000000000000666e-01 1.932990491777943021e+01
0.000000000000000000e+00 0.000000000000000000e+00 0.000000000000000000e+00 0.000000000000000000e+00 0.000000000000000000e+00 0.000000000000000000e+00
-1.649552401702639726e+00 -1.674258976884928085e+00 -1.649090459176076884e+00 -1.661277390590698344e+00 -5.292500767636004078e+00 -4.501191855708213119e+00
-1.628944380410702664e+00 -1.617910279955999231e+00 -1.632477162754754962e+00 -1.639103003932195657e+00 -2.017821485932000058e+00 -3.093583572500647083e+00
-1.424983545231492954e+00 -1.448286233457835692e+00 -1.420804869132620718e+00 -1.442337308701324927e+00 -2.044346519320000333e+00 -2.580806721705243501e+00
-1.531592559376392826e+00 -1.520735736904575530e+00 -1.512727877546707900e+00 -1.533457260350666429e+00 -4.905447241262480773e+00 -2.044346519320000333e+00
0.000000000000000000e+00 0.000000000000000000e+00 0.000000000000000000e+00 0.000000000000000000e+00 0.000000000000000000e+00 0.000000000000000000e+00
-1.546140506543850712e+00 -1.547687959925519996e+00 -1.572861728131365044e+00 -1.574526219667701232e+00 -3.651387423107933738e+00 -3.116754258640754838e+00
-1.576159302733417533e+00 -1.578786629558688093e+00 -1.572413096141046074e+00 -1.596778119760131620e+00 -2.629567136353131218e+00 -2.583026682862800349e+00
-1.544649296590163701e+00 -1.555237349123723245e+00 -1.546233524397850445e+00 -1.554926556703285945e+00 -1.981198760949620219e+00 -3.581547252294493333e+00
-1.484936836479139100e+00 -1.483354774489675787e+00 -1.482754355956319881e+00 -1.485270613798930217e+00 -2.566998575174558539e+00 -3.105463521500307245e+00
0.000000000000000000e+00 0.000000000000000000e+00 0.000000000000000000e+00 0.000000000000000000e+00 0.000000000000000000e+00 0.000000000000000000e+00
-1.655744811249594273e+00 -1.657845799201494552e+00 -1.656306463548836483e+00 -1.675782663008680062e+00 -3.625388263509406794e+00 -4.121975042184864435e+00
-1.286432546895386109e+00 -1.283288202355532093e+00 -1.287487874271723953e+00 -1.313672720048683296e+00 -1.369940281432881157e+00 -1.381282000000000121e+00
-1.286768898987893595e+00 -1.318059812797844899e+00 -1.288320223828196776e+00 -1.306622917585768207e+00 -3.548698002834082210e+00 -3.075498557853640236e+00
-1.390714572862955745e+00 -1.365292845605142302e+00 -1.392211274717437108e+00 -1.392091055361231566e+00 -1.962274426000000016e+00 -2.017821485932000058e+00
0.000000000000000000e+00 0.000000000000000000e+00 0.000000000000000000e+00 0.000000000000000000e+00 0.000000000000000000e+00 0.000000000000000000e+00
-1.004931363944872258e+00 -1.024118426180447239e+00 -1.005085473662549855e+00 -9.858349117507333448e-01 -3.068058467494187536e+00 -3.579273453112255865e+00
-8.244268224584853089e-01 -8.248025065822855995e-01 -8.244268224584853089e-01 -8.308042546556673180e-01 -1.962405425932000291e+00 -1.981443482875600459e+00
-1.053626350914908860e+00 -1.046436127780059788e+00 -1.053471360689312464e+00 -1.072038856320116196e+00 -2.569192198012650863e+00 -1.377877662205009734e+00
-1.350999999999999979e-01 -1.381282000000000343e-01 -1.381282000000000343e-01 4.551995075089277920e-01 -1.354028200000000126e+00 -7.000000000000000666e-01
