0.000000000000000000e+00 0.000000000000000000e+00 0.000000000000000000e+00 0.000000000000000000e+00 0.000000000000000000e+00 0.000000000000000000e+00
-2.020683638031834040e+00 -1.823417384306669886e+00 -2.026775442714086051e+00 -1.837807367606737463e+00 -1.030336000000012353e+00 -1.007669136431378121e+01
-1.492539810605925110e+00 -1.142065418922238784e+00 -1.464556857930644496e+00 -1.118547318020716386e+00 1.582399999999970275e+00 -9.245132743869257652e+00
-2.186450226496421401e+00 -2.084981720177732534e+00 -2.145840112456038451e+00 -2.119628819798301755e+00 -1.618201600000009011e+00 -1.045605438322108505e+01
-2.431358538285649296e+00 -2.431823682546625065e+00 -2.431355604629111156e+00 -2.432230570761475530e+00 -1.070189135167213834e+01 -1.089333737693206139e+01
0.000000000000000000e+00 0.000000000000000000e+00 0.000000000000000000e+00 0.000000000000000000e+00 0.000000000000000000e+00 0.000000000000000000e+00
-2.475245655252009236e+00 -2.475731874989691050e+00 -2.475244765571517735e+00 -2.475887706407508215e+00 -1.049893338396175757e+01 -1.049193742901720761e+01
-2.385719039955219500e+00 -2.387951033164422032e+00 -2.387410030949034034e+00 -2.389127613249455884e+00 -1.061101986540050035e+01 -1.055245821034770159e+01
-1.970928237899771229e+00 -2.257816656662804622e+00 -2.252936511760377680e+00 -2.253137524446053419e+00 -1.033192722979642397e+01 -1.014900908410505309e+01
-2.431431357224963730e+00 -2.440333183174395071e+00 -2.440412758324600251e+00 -2.441720383047230936e+00 -9.938228146199190149e+00 -1.012203235987421657e+01
0.000000000000000000e+00 0.000000000000000000e+00 0.000000000000000000e+00 0.000000000000000000e+00 0.000000000000000000e+00 0.000000000000000000e+00
-2.385718931160246470e+00 -2.402869203187687486e+00 -2.403345525477848188e+00 -2.403686373092867701e+00 -1.072281135970097488e+01 -1.062282412250602093e+01
-2.475236340041067074e+00 -2.475699212613006406e+00 -2.475234579256048395e+00 -2.475529332691674522e+00 -1.085108423163426039e+01 -1.017177315041902652e+01
-2.431341218828745987e+00 -2.433082224532566951e+00 -2.431342724469784056e+00 -2.433088520827463963e+00 -1.017841386124777792e+01 -1.039904218666113422e+01
-2.475221763101294492e+00 -2.475543457411534032e+00 -2.475218499092877611e+00 -2.475561037333048997e+00 -1.059442061093148801e+01 -1.069116199038701787e+01
0.000000000000000000e+00 0.000000000000000000e+00 0.000000000000000000e+00 0.000000000000000000e+00 0.000000000000000000e+00 0.000000000000000000e+00
1.464666020306792937e+01 2.713504275831135715e+01 1.249410897048077729e+01 2.708943096327156042e+01 1.837760943220798993e+01 4.999999999999986500e+01
-5.056000000001797251e-02 -1.504908541677356215e+00 -1.137107006646758123e+00 -1.423153892727005543e+00 -9.589149474895595660e+00 -1.720416329891339524e+00
4.303999999999953197e+00 -5.052201827680854462e-01 -1.430370835270151186e+00 5.297684535929915173e-01 -8.254096440816571345e+00 -6.594512685119847673e-01
-1.030336000000012353e+00 -1.774279694815703579e+00 -1.877298222682733053e+00 -1.801266426686248590e+00 -9.527444335687864196e+00 -1.960447776627065375e+00
0.000000000000000000e+00 0.000000000000000000e+00 0.000000000000000000e+00 0.000000000000000000e+00 0.000000000000000000e+00 0.000000000000000000e+00
-2.123632370657684287e+00 -2.128043877814079110e+00 -2.120740956759350038e+00 -1.618203610481069310e+00 -1.021779354358138647e+01 -9.889700330344435741e+00
-1.966487013699481645e+00 -1.967468666804434996e+00 -1.956705708999222582e+00 -5.056353443391738145e-02 -1.022786670836366696e+01 -9.603974917366882025e+00
-2.240432757687935261e+00 -2.238309243430019801e+00 -2.236677012280825938e+00 -1.970924712629696929e+00 -8.961610644027858896e+00 -9.115891414868649179e+00
-2.385718932960549044e+00 -2.393739174949892856e+00 -2.392060847824579728e+00 -2.393934945973691608e+00 -1.068450872533126628e+01 -9.958050989947954790e+00
0.000000000000000000e+00 0.000000000000000000e+00 0.000000000000000000e+00 0.000000000000000000e+00 0.000000000000000000e+00 0.000000000000000000e+00
-2.458858813269205967e+00 -2.459552589807305623e+00 -2.460013160224672202e+00 -2.462080181353205610e+00 -1.005316867706758188e+01 -1.025734665279519575e+01
-2.309531887047577836e+00 -2.361819200003698604e+00 -2.358630700164072724e+00 -2.367988294469334676e+00 -1.012749654106572983e+01 -1.057492945406650797e+01
-2.182555544122651625e+00 -2.275675869458490208e+00 -2.277867425644048982e+00 -2.272290336168350855e+00 -9.771246310768772148e+00 -9.166548004688022999e+00
-2.458831326753076585e+00 -2.459449558665435021e+00 -2.460176317034404647e+00 -2.458829380278249932e+00 -1.050057697752740360e+01 -1.008222525035325035e+01
0.000000000000000000e+00 0.000000000000000000e+00 0.000000000000000000e+00 0.000000000000000000e+00 0.000000000000000000e+00 0.000000000000000000e+00
-2.431394520928957359e+00 -2.432995209246322954e+00 -2.431988712022951304e+00 -2.431393941008310300e+00 -1.056735239522596004e+01 -1.043785698252200334e+01
-2.458858812977949171e+00 -2.459396007582208998e+00 -2.460317824172613577e+00 -2.459835081319079464e+00 -1.084928965298764858e+01 -1.009854585029034446e+01
-2.385718927867322314e+00 -2.387559216923206495e+00 -2.388294626228479434e+00 -2.394005813462398269e+00 -9.388836450739388440e+00 -1.029733170248952412e+01
-2.458858813185927250e+00 -2.459907549114096703e+00 -2.459518172977154915e+00 -2.460799374499132774e+00 -1.098330653189365158e+01 -1.096604071911616529e+01
0.000000000000000000e+00 0.000000000000000000e+00 0.000000000000000000e+00 0.000000000000000000e+00 0.000000000000000000e+00 0.000000000000000000e+00
-1.380399999999999960e-01 5.344019861178371522e-02 -2.941347042430720315e-01 2.799486523442821095e+01 -3.032939380543072438e+00 -1.345726981110400233e+00
1.081821928798802457e+00 -1.459673139276808973e+00 -1.459256302267411654e+00 -1.475655633544609158e+00 -6.685424819358533277e+00 -6.601665097605780907e+00
1.388030588626368300e-02 -1.365047107573366114e+00 -1.357308012224608396e+00 -1.384030119689200866e+00 -7.810135376206315705e+00 -7.296647977839229249e+00
-1.124878211383221638e+00 -1.669972087808292205e+00 -1.689713703465861361e+00 -1.741470334735160108e+00 -8.848293617904317898e+00 -8.594688396098607797e+00
0.000000000000000000e+00 0.000000000000000000e+00 0.000000000000000000e+00 0.000000000000000000e+00 0.000000000000000000e+00 0.000000000000000000e+00
-2.309531546592294760e+00 -2.346660800947798275e+00 -2.351471009043109461e+00 -2.349027144541190104e+00 -9.751462478163993808e+00 -9.599412708751357215e+00
-1.970921567611759073e+00 -2.247802962035835961e+00 -2.259163954418879960e+00 -2.254994115202271665e+00 -1.024272775528865509e+01 -1.021476618635803035e+01
-2.385718927430747538e+00 -2.399462654416089080e+00 -2.404853835701462828e+00 -2.397708743304584278e+00 -1.081950547156650444e+01 -1.097381601941859408e+01
-2.227727786472174731e+00 -2.223744199859859716e+00 -1.970922456119900801e+00 -2.227451778891618162e+00 -1.073592604774630210e+01 -1.061082519438818572e+01
0.000000000000000000e+00 0.000000000000000000e+00 0.000000000000000000e+00 0.000000000000000000e+00 0.000000000000000000e+00 0.000000000000000000e+00
-2.361430220016173198e+00 -2.359864007577767708e+00 -2.309531757682405040e+00 -2.357032921986100593e+00 -1.053282782920633309e+01 -9.254135155502970278e+00
-2.165663732467049574e+00 -2.142487674705244149e+00 -1.618203420804989578e+00 -2.168276454458432756e+00 -1.019977923864892411e+01 -1.019974656634131982e+01
-2.309532794102440167e+00 -2.364254276857569170e+00 -2.361996563497451351e+00 -2.362827957819060298e+00 -1.004013312523297685e+01 -9.831136304829831474e+00
-2.475315288174200212e+00 -2.476966668713223907e+00 -2.477052622495951706e+00 -2.476555312981039592e+00 -1.062863167483082449e+01 -1.077119341988758627e+01
0.000000000000000000e+00 0.000000000000000000e+00 0.000000000000000000e+00 0.000000000000000000e+00 0.000000000000000000e+00 0.000000000000000000e+00
-2.458858813816007238e+00 -2.460007602318526665e+00 -2.459808943810906534e+00 -2.460515831255067454e+00 -1.082515519897273570e+01 -1.071757075720660168e+01
-2.431406850680586818e+00 -2.432708133523808769e+00 -2.431405062455955335e+00 -2.432851593448152716e+00 -1.077849070572491641e+01 -1.073521431764783962e+01
-2.310275648311320484e+00 -2.318509226314643623e+00 -2.309531698930884058e+00 -2.312465295193499859e+00 -9.865334098101941507e+00 -1.017426775134250327e+01
-2.431753958687240313e+00 -2.432500998801364389e+00 -2.431431822781029872e+00 -2.431935507687509990e+00 -1.061734380182788584e+01 -1.007121271574510324e+01
0.000000000000000000e+00 0.000000000000000000e+00 0.000000000000000000e+00 0.000000000000000000e+00 0.000000000000000000e+00 0.000000000000000000e+00
3.719891047584499510e+00 -1.117865729527140140e+00 -1.103807121704603711e+00 -9.565008417555277420e-01 -6.607938823892859581e+00 -5.698678196179705502e+00
-2.605152964119999970e-01 -3.633502199448943593e-01 1.298011966350236079e+01 -1.237784787305327844e-01 -1.353940000000000143e+00 -1.967381206000000216e+00
-1.171544735881657306e+00 -1.667816348313640784e+00 -1.670812612237212225e+00 -1.650196443990244122e+00 -9.390030825105672108e+00 -8.195509865567730756e+00
-1.175426155981963428e+00 -1.189596328865790476e+00 -1.174692400617919574e+00 -1.235625252388243167e+00 -6.258978069803468713e+00 -5.965025209619162716e+00
0.000000000000000000e+00 0.000000000000000000e+00 0.000000000000000000e+00 0.000000000000000000e+00 0.000000000000000000e+00 0.000000000000000000e+00
-2.385718218592918660e+00 -2.391012257613065906e+00 -2.386545321495598948e+00 -2.385718243278086348e+00 -1.018525568948159155e+01 -1.053424330146018484e+01
-2.182552576012778633e+00 -2.295487160176442831e+00 -2.296590403388099944e+00 -2.278887548894926507e+00 -9.397473102944335466e+00 -9.473120126574574584e+00
-2.431429011657482153e+00 -2.433929917054350689e+00 -2.436188778779561304e+00 -2.431429061075426112e+00 -1.057190551134043943e+01 -1.049977705609450496e+01
-2.144355165186456080e+00 -2.065267786931514138e+00 -1.618201600000009011e+00 -2.164492592893765721e+00 -9.780460530301922972e+00 -1.063849745965638149e+01
0.000000000000000000e+00 0.000000000000000000e+00 0.000000000000000000e+00 0.000000000000000000e+00 0.000000000000000000e+00 0.000000000000000000e+00
-2.334697700745230531e+00 -2.307883559329848566e+00 -2.182552576000007072e+00 -2.334255188245961676e+00 -1.050479753277733153e+01 -1.081124564472354699e+01
-2.034194787875565069e+00 -1.983762522697706032e+00 -1.030336000000012353e+00 -2.045368612307796763e+00 -9.266862571682572991e+00 -9.643190701420596866e+00
-2.385718934212134101e+00 -2.391108727397590616e+00 -2.393108825840149834e+00 -2.389041453019461692e+00 -9.039745630890584138e+00 -9.291470171935632294e+00
-2.485186096308281023e+00 -2.485564937560349019e+00 -2.485306242791119224e+00 -2.485186283721000144e+00 -1.043622549953724743e+01 -1.046991922082706417e+01
0.000000000000000000e+00 0.000000000000000000e+00 0.000000000000000000e+00 0.000000000000000000e+00 0.000000000000000000e+00 0.000000000000000000e+00
-2.475309720981948125e+00 -2.475823867510325460e+00 -2.476609800275172191e+00 -2.475309658204643437e+00 -1.116754416515027160e+01 -1.084525203555434381e+01
-2.385718927367507458e+00 -2.407604193531008185e+00 -2.407571924706638278e+00 -2.410739557428315472e+00 -1.075324920177819088e+01 -1.062344647685358723e+01
-2.182552576000079014e+00 -2.293384570602454264e+00 -2.295632858638311902e+00 -2.297721847465064027e+00 -9.214719900694728238e+00 -9.725189896761552433e+00
-2.385718927362681097e+00 -2.418019411832614818e+00 -2.418509343522263766e+00 -2.419997656375645345e+00 -1.049733717167882396e+01 -1.056293898958205801e+01
0.000000000000000000e+00 0.000000000000000000e+00 0.000000000000000000e+00 0.000000000000000000e+00 0.000000000000000000e+00 0.000000000000000000e+00
1.582399999999970275e+00 -7.239605845001794160e-01 -1.245394807410128868e+00 -4.480255873692127189e-01 -7.713966117435761660e+00 -8.940950435329012791e+00
9.369387371753873373e-02 4.389595357514514684e-01 2.897375647768016904e+01 1.095972940849732763e-01 -2.652412197305415553e+00 -2.812016428378267818e-01
-1.030336000000012353e+00 -1.730480897378766425e+00 -1.913140974431601471e+00 -1.849690514214215487e+00 -9.213689699334990379e+00 -9.409541658526373809e+00
3.834121246855184850e+00 -1.246790850673120232e+00 -1.308664348429240620e+00 -1.265106409143681665e+00 -6.354032320822403435e+00 -7.392408857837239999e+00
0.000000000000000000e+00 0.000000000000000000e+00 0.000000000000000000e+00 0.000000000000000000e+00 0.000000000000000000e+00 0.000000000000000000e+00
-2.431339652907547055e+00 -2.432159666816783528e+00 -2.432786999138070172e+00 -2.431337906041045827e+00 -9.582169973639674154e+00 -9.950101651090966115e+00
-2.325879457657675786e+00 -2.330048642233712108e+00 -2.327406367548839228e+00 -2.309532716155641374e+00 -1.006086118034580501e+01 -1.059701381061640113e+01
-2.458766552491212121e+00 -2.458952990909477609e+00 -2.459673753549220354e+00 -2.458764231470152328e+00 -1.096325202907433471e+01 -1.082065404185336632e+01
-2.016904504706883650e+00 -1.806121779307211517e+00 -1.801553017151327651e+00 -2.000326575643052607e+00 -1.030336000000012353e+00 -1.015857822157690471e+01
0.000000000000000000e+00 0.000000000000000000e+00 0.000000000000000000e+00 0.000000000000000000e+00 0.000000000000000000e+00 0.000000000000000000e+00
-2.265107810231695051e+00 -2.205014496270084390e+00 -2.204603027311938135e+00 -2.259905564049806692e+00 -1.970920960000006827e+00 -1.046338591708747146e+01
-1.823012016502954191e+00 -1.524189146770388081e+00 -1.406663830087306888e+00 -1.819726476627631984e+00 -5.056000000001797251e-02 -9.413433742715360708e+00
-2.431360042501553576e+00 -2.433143004296920875e+00 -2.431661657299512225e+00 -2.431355562851624796e+00 -1.033675036232006406e+01 -8.901214550556613148e+00
-2.491050365814382772e+00 -2.491235129738532450e+00 -2.491095033501746769e+00 -2.491053074219857333e+00 -1.098876879466258316e+01 -1.039371825932312277e+01
0.000000000000000000e+00 0.000000000000000000e+00 0.000000000000000000e+00 0.000000000000000000e+00 0.000000000000000000e+00 0.000000000000000000e+00
-2.485085385247451040e+00 -2.485224084688362201e+00 -2.485289820883858081e+00 -2.485079653349503648e+00 -1.044488665325428478e+01 -1.064957170424983346e+01
-2.431389962881787437e+00 -2.433056875594606261e+00 -2.432121989104973458e+00 -2.431392457560645592e+00 -1.083859778647742012e+01 -1.081901756322221075e+01
-2.309528666058988211e+00 -2.314549097533879163e+00 -2.313465072456156957e+00 -2.309528751007641212e+00 -9.998605124875155070e+00 -9.583825868283584626e+00
-2.431401317496824088e+00 -2.432681977807269913e+00 -2.431747651030110813e+00 -2.431401514470997061e+00 -1.082998999406408025e+01 -1.115374871462170070e+01
0.000000000000000000e+00 0.000000000000000000e+00 0.000000000000000000e+00 0.000000000000000000e+00 0.000000000000000000e+00 0.000000000000000000e+00
-1.226944579704285943e+00 -1.301152888696792465e+00 -1.487148324577350911e+00 -5.056000000001797251e-02 -9.100166922714414852e+00 -1.666732400391578217e+00
1.495468991329496689e+01 2.499393814119306967e+01 2.772178189022258721e+01 1.394158844300618227e+01 1.935811003772361616e+01 4.999999999999986500e+01
-2.012169310818510581e+00 -2.025421614741874876e+00 -2.007319074008184767e+00 -1.618201600000009011e+00 -9.336733930261157610e+00 -2.095505373198144561e+00
1.582399999999970275e+00 -8.202376451452945139e-01 -8.720577318270309464e-01 1.309594143523165055e-01 -8.928494786986160392e+00 -1.280182317463826491e+00
0.000000000000000000e+00 0.000000000000000000e+00 0.000000000000000000e+00 0.000000000000000000e+00 0.000000000000000000e+00 0.000000000000000000e+00
-2.175754953012455584e+00 -1.618201600000009011e+00 -2.172794736434307428e+00 -2.110386860982626178e+00 -9.533940732947264962e+00 -1.057350769693168147e+01
-1.813070329243187118e+00 -5.056000000001797251e-02 -1.808797230484054719e+00 -1.764087493610711599e+00 -1.005792457972093601e+01 -9.823424122990514817e+00
-2.266875370026679715e+00 -1.970920960000006827e+00 -2.288293538895347368e+00 -2.216531210179347067e+00 -1.068988760940960425e+01 -1.066721129945862323e+01
-2.401958601463064724e+00 -2.396406201437138783e+00 -2.385718927360007680e+00 -2.404025266987506182e+00 -9.988571112998668511e+00 -1.017734853081066149e+01
0.000000000000000000e+00 0.000000000000000000e+00 0.000000000000000000e+00 0.000000000000000000e+00 0.000000000000000000e+00 0.000000000000000000e+00
-2.460704406177510517e+00 -2.460743988723756992e+00 -2.458858813849601699e+00 -2.460000392826947380e+00 -9.928283378721877384e+00 -1.091445634024607791e+01
-2.364477733818610705e+00 -2.363511295245178445e+00 -2.309531545601139602e+00 -2.365617080564028640e+00 -1.034940211892267747e+01 -1.060477092235937135e+01
-1.618201600022733500e+00 -2.208945562365778326e+00 -2.202049889666366056e+00 -2.205644322293680570e+00 -9.887296119456312482e+00 -9.958595703924084219e+00
-2.385718927360031216e+00 -2.425151368064935919e+00 -2.426414122245394545e+00 -2.424927082776249687e+00 -9.857746076136471913e+00 -1.055807694911965733e+01
0.000000000000000000e+00 0.000000000000000000e+00 0.000000000000000000e+00 0.000000000000000000e+00 0.000000000000000000e+00 0.000000000000000000e+00
-2.309531545600051139e+00 -2.383465788172130395e+00 -2.377748448990117947e+00 -2.380114171886877905e+00 -1.017132423812093478e+01 -1.024207569692247866e+01
-2.458857393449290996e+00 -2.460789435870719188e+00 -2.458857297662208730e+00 -2.459829097440808798e+00 -1.069650796671437654e+01 -1.069930724662863675e+01
-2.385717797033762633e+00 -2.386070121152737311e+00 -2.385717823714229358e+00 -2.387168127707552934e+00 -9.811568969228231296e+00 -1.061941613105028992e+01
-2.458857280484934016e+00 -2.459521115051935602e+00 -2.458857188694119067e+00 -2.459893471450143032e+00 -9.913072017594316776e+00 -1.056405271512879196e+01
0.000000000000000000e+00 0.000000000000000000e+00 0.000000000000000000e+00 0.000000000000000000e+00 0.000000000000000000e+00 0.000000000000000000e+00
7.889223728113144318e+00 2.899999999999989342e+01 8.187346826419695134e+00 1.567504223135148855e+01 6.543062249342239234e+00 6.048502884336514285e+00
-1.117837469481671508e+00 -1.178746756706507082e+00 1.582399999999970275e+00 -3.570747269864774087e-01 -8.758297780286131484e+00 -8.835237600300759553e+00
8.839999999999932356e+00 5.692163801301810544e-01 -4.185766835014492759e-01 1.260222360818931797e+00 -5.590026838652253360e+00 -6.436462827770423445e+00
-5.056000000001797251e-02 -1.689003194138140929e+00 -1.065114618656601841e+00 -1.377954106342552665e+00 -8.622735639900081850e+00 -7.523523711024643568e+00
0.000000000000000000e+00 0.000000000000000000e+00 0.000000000000000000e+00 0.000000000000000000e+00 0.000000000000000000e+00 0.000000000000000000e+00
-2.249615155106500453e+00 -2.110209096819750663e+00 -2.251987406637992351e+00 -1.970920960000006827e+00 -1.040688816292327878e+01 -1.024556483424153797e+01
-2.084538421490871318e+00 -1.722960874836025003e+00 -2.090254944784489588e+00 -1.030336000000012353e+00 -1.052694662310860352e+01 -1.044216740135093957e+01
-2.329649617337056444e+00 -2.288688851948170289e+00 -2.345364190647380997e+00 -2.182552576000007072e+00 -1.102452207775078996e+01 -1.074165437978642146e+01
-2.371987575019553152e+00 -2.372822252514193764e+00 -2.309531545600007174e+00 -2.374475961223909692e+00 -1.023765416188463817e+01 -1.093513354717319075e+01
0.000000000000000000e+00 0.000000000000000000e+00 0.000000000000000000e+00 0.000000000000000000e+00 0.000000000000000000e+00 0.000000000000000000e+00
-2.434721256252649457e+00 -2.437777054998888193e+00 -2.431431356416007716e+00 -2.443321792803007764e+00 -1.030440678935802978e+01 -1.035236968329802210e+01
-2.338032427640306832e+00 -2.339941522351776548e+00 -2.182552576000007072e+00 -2.336684813399033445e+00 -1.090246412623888439e+01 -1.080899368982919562e+01
-1.970920960068455630e+00 -2.270226466830574275e+00 -2.271745058981827547e+00 -2.262735393551583929e+00 -9.924216811496162194e+00 -9.227857440986364068e+00
-2.431431356578413361e+00 -2.446104662821216635e+00 -2.445995156172990015e+00 -2.442856111365248051e+00 -1.073804779609536908e+01 -1.095089609351751037e+01
0.000000000000000000e+00 0.000000000000000000e+00 0.000000000000000000e+00 0.000000000000000000e+00 0.000000000000000000e+00 0.000000000000000000e+00
-2.385718927445788395e+00 -2.410590330030753847e+00 -2.404511361798753022e+00 -2.401312863586221980e+00 -1.050614213216360682e+01 -1.055066704197987981e+01
-2.431431356416007716e+00 -2.434133313625240103e+00 -2.432704302178053002e+00 -2.440111225876563594e+00 -1.098175660854579938e+01 -1.068614704031878127e+01
-2.309531545600007174e+00 -2.357407750708063965e+00 -2.346995416194475936e+00 -2.350017923338872272e+00 -9.999921328607898730e+00 -1.049535647553802065e+01
-2.431431356416007716e+00 -2.443977179910835407e+00 -2.440254995331326615e+00 -2.440921288072305018e+00 -1.082356426832160956e+01 -1.042602987187216357e+01
0.000000000000000000e+00 0.000000000000000000e+00 0.000000000000000000e+00 0.000000000000000000e+00 0.000000000000000000e+00 0.000000000000000000e+00
2.168075590755091930e+00 6.902921684275901804e+00 3.317974832732337731e+00 1.639999999999990976e+01 -6.011104024165869752e-01 -7.882311408382303153e-01
-6.840242910851043190e-01 -1.046503584758941674e+00 4.303999999999953197e+00 -4.425107733413324862e-01 -7.500646746795395003e+00 -7.209018380970825035e+00
3.990197966840745902e+00 -1.183666495209591440e+00 -1.223230797017236471e+00 -8.695960144677334913e-01 -4.928326437170956531e+00 -6.825689036294327217e+00
1.365636781362309371e+00 -1.413147398620290485e+00 -1.309558359899537949e+00 -1.430046298803786309e+00 -6.076883733756166528e+00 -6.981930558787751373e+00
0.000000000000000000e+00 0.000000000000000000e+00 0.000000000000000000e+00 0.000000000000000000e+00 0.000000000000000000e+00 0.000000000000000000e+00
-2.330260059987394161e+00 -2.322165964498650315e+00 -2.318908440547748917e+00 -2.182552576000007072e+00 -1.044468830601977594e+01 -1.031744657918638985e+01
-2.207779259644044867e+00 -2.203930454684212670e+00 -2.196644665417647246e+00 -1.618201600000009011e+00 -1.037980020602461906e+01 -1.067118252083553465e+01
-2.385751563960952559e+00 -2.382179407827811790e+00 -2.386907156675346364e+00 -2.309531545600007174e+00 -1.065751841021042701e+01 -1.048749833873818460e+01
-2.321058064237664809e+00 -2.269634191242867693e+00 -2.182552576000007072e+00 -2.316011797356233970e+00 -9.993127530305599748e+00 -1.041838891363898689e+01
0.000000000000000000e+00 0.000000000000000000e+00 0.000000000000000000e+00 0.000000000000000000e+00 0.000000000000000000e+00 0.000000000000000000e+00
-2.418211133626742892e+00 -2.397869567441401895e+00 -2.385718927360007680e+00 -2.416879415609782811e+00 -1.053231585000275317e+01 -1.064592122643585803e+01
-2.252793837802314680e+00 -2.172661115886898031e+00 -1.970920960000006827e+00 -2.267091641376721256e+00 -1.051034314160891014e+01 -1.099064008625092725e+01
-2.182552576002018796e+00 -2.327505168069841979e+00 -2.332373255965411118e+00 -2.323552015028845119e+00 -1.061852004243287517e+01 -9.851299759749554852e+00
-2.458858813849607916e+00 -2.463044474284447727e+00 -2.460664258786657843e+00 -2.460501831597159406e+00 -1.102348488588686237e+01 -9.818221668254473400e+00
0.000000000000000000e+00 0.000000000000000000e+00 0.000000000000000000e+00 0.000000000000000000e+00 0.000000000000000000e+00 0.000000000000000000e+00
-2.431431356416007716e+00 -2.436957874886878983e+00 -2.437722381290135409e+00 -2.432609223430187040e+00 -1.067079680174250456e+01 -1.022511279048943500e+01
-2.385718928188743426e+00 -2.411031337451216228e+00 -2.407791439612322115e+00 -2.414080171635462957e+00 -1.089966333782685659e+01 -1.084955762003685820e+01
-2.182552786081617402e+00 -2.301153638946292990e+00 -2.288388396700710370e+00 -2.304573148031250351e+00 -9.225775832277651745e+00 -1.043488768488582608e+01
-2.385718973352210615e+00 -2.422800073503950102e+00 -2.421159499942959759e+00 -2.421421624646917348e+00 -1.063100733476595927e+01 -1.047110729185409461e+01
0.000000000000000000e+00 0.000000000000000000e+00 0.000000000000000000e+00 0.000000000000000000e+00 0.000000000000000000e+00 0.000000000000000000e+00
1.719703656567014016e-01 1.750229975106529223e-01 8.954250695113831204e-01 8.839999999999932356e+00 -4.782471432577795944e+00 -5.073514903841228829e+00
-8.908447472422094393e-02 3.570728117404676549e+00 8.839999999999932356e+00 1.187700957792675815e+00 -4.924628402892476942e+00 -4.720309415454996937e+00
1.287981582570403516e+00 -1.497403186568674327e+00 -1.401619820927417326e+00 -1.435009128333481820e+00 -6.920569803831976508e+00 -8.217011764337186719e+00
3.915051607814765688e+00 -1.118641202111871458e+00 -1.058845722321513305e+00 -1.065775336954147168e+00 -5.617888352779640826e+00 -5.685738982229923799e+00
0.000000000000000000e+00 0.000000000000000000e+00 0.000000000000000000e+00 0.000000000000000000e+00 0.000000000000000000e+00 0.000000000000000000e+00
-2.372582944828736995e+00 -2.355623658709389279e+00 -2.358784766570375169e+00 -2.309531545600007174e+00 -1.026417473026579330e+01 -1.070137857748846244e+01
-2.281014850784229608e+00 -2.284565166966745497e+00 -2.286979780916855276e+00 -1.970920960000006827e+00 -1.074362378622862124e+01 -1.030437153240457882e+01
-2.410645875190656540e+00 -2.416708271398009700e+00 -2.415878979659104253e+00 -2.385718927360007680e+00 -1.091326017018197803e+01 -1.080663576173092544e+01
-2.242708591037024579e+00 -1.970920960000006827e+00 -2.168872284464882227e+00 -2.234478607459121413e+00 -1.050726698097814449e+01 -1.061328161465183229e+01
0.000000000000000000e+00 0.000000000000000000e+00 0.000000000000000000e+00 0.000000000000000000e+00 0.000000000000000000e+00 0.000000000000000000e+00
-2.362896524345722060e+00 -2.309531545600007174e+00 -2.339860942168098479e+00 -2.366276348757493597e+00 -1.081142906467643883e+01 -1.048280103870471436e+01
-2.177448938455793126e+00 -1.618201600000009011e+00 -2.078018423572027817e+00 -2.180659504223418477e+00 -1.036226670824199836e+01 -1.048828034100065842e+01
-2.309531545600065794e+00 -2.370684914564439083e+00 -2.368142712861259991e+00 -2.358033857312101134e+00 -9.696905773174533394e+00 -1.000537607196386070e+01
-2.475315284114320225e+00 -2.477568470681002388e+00 -2.477149852575423417e+00 -2.475315284305187991e+00 -1.062827637400892655e+01 -1.070276941963771300e+01
0.000000000000000000e+00 0.000000000000000000e+00 0.000000000000000000e+00 0.000000000000000000e+00 0.000000000000000000e+00 0.000000000000000000e+00
-2.458858810211667301e+00 -2.460153542741006394e+00 -2.462167550441271668e+00 -2.458858810315641463e+00 -1.098756632164883307e+01 -1.050198302064870504e+01
-2.309531545600007174e+00 -2.383276858869976422e+00 -2.384263383084599397e+00 -2.387648390680622512e+00 -1.050112929275588769e+01 -1.086676807705659087e+01
-1.970920960000006827e+00 -2.258415349626355262e+00 -2.256906275218510061e+00 -2.260939477823649568e+00 -1.048017236219437009e+01 -1.001151516955863130e+01
-2.309531545600007174e+00 -2.403331565413910464e+00 -2.407161297547771639e+00 -2.405252881030563117e+00 -1.090092010384895538e+01 -1.013817960923449135e+01
0.000000000000000000e+00 0.000000000000000000e+00 0.000000000000000000e+00 0.000000000000000000e+00 0.000000000000000000e+00 0.000000000000000000e+00
-2.435295827368439137e-01 -2.075242601464159786e-01 -6.849917513838928995e-01 4.303999999999953197e+00 -7.450796028805656945e+00 -7.513596201947605913e+00
3.806377604259302494e+00 1.487196456776996811e+01 1.639999999999990976e+01 3.358624890046563838e+00 -6.625198698414189735e-01 -5.400568780814252179e-01
-5.056000000001797251e-02 -1.700988943366380957e+00 -1.812897537357561983e+00 -1.596903416908529216e+00 -8.935635537056475286e+00 -8.877243319501749497e+00
8.839999999999932356e+00 -8.612040892498930289e-02 2.777335532701281640e-01 -1.383140384292028680e-01 -5.879198819246143515e+00 -5.564785990736047516e+00
0.000000000000000000e+00 0.000000000000000000e+00 0.000000000000000000e+00 0.000000000000000000e+00 0.000000000000000000e+00 0.000000000000000000e+00
-2.393127045118391472e+00 -2.393051275819893853e+00 -2.394704189251889659e+00 -2.385718927360034769e+00 -1.077960113390559016e+01 -9.842938512188966982e+00
-2.319351818838197410e+00 -2.320884375756649742e+00 -2.319555288719666652e+00 -2.182553234151795696e+00 -1.048746200426281838e+01 -1.002569553639619571e+01
-2.433999552658740129e+00 -2.435789584427859644e+00 -2.431912011914988181e+00 -2.431431356416007716e+00 -1.070462714847345786e+01 -1.102373290952246698e+01
-2.154851552082985844e+00 -1.618201600000009011e+00 -2.117385858842053104e+00 -2.151411529198801187e+00 -1.026467080777146101e+01 -9.968519252370295902e+00
0.000000000000000000e+00 0.000000000000000000e+00 0.000000000000000000e+00 0.000000000000000000e+00 0.000000000000000000e+00 0.000000000000000000e+00
-2.316816574996577227e+00 -2.182552576000007072e+00 -2.308382147707162435e+00 -2.314075127317789526e+00 -1.052530708241714841e+01 -9.535930451295076438e+00
-2.059401475548910287e+00 -1.030336000000012353e+00 -1.984134892303142328e+00 -2.068828971440204612e+00 -1.012178317766916358e+01 -9.802505823902775361e+00
-2.385718928239815018e+00 -2.397992888496209840e+00 -2.390001295199873699e+00 -2.389642016469136099e+00 -1.080294924393849421e+01 -1.058626038339428455e+01
-2.485185916635980874e+00 -2.485235601164504260e+00 -2.485416406197226813e+00 -2.485185933854114904e+00 -1.079008198575789201e+01 -1.085637836961642755e+01
0.000000000000000000e+00 0.000000000000000000e+00 0.000000000000000000e+00 0.000000000000000000e+00 0.000000000000000000e+00 0.000000000000000000e+00
-2.475308907352863574e+00 -2.475744034207938427e+00 -2.475613987325662624e+00 -2.475309073779000890e+00 -1.069135567131040077e+01 -1.104280410488833652e+01
-2.388515478399654057e+00 -2.394803509563832034e+00 -2.392567267994344160e+00 -2.385718928105097447e+00 -1.044674906872523756e+01 -1.043925361738252988e+01
-2.243864235708548538e+00 -2.247554229659981750e+00 -2.247278092622571499e+00 -2.182552635653646433e+00 -8.880011936897370006e+00 -7.740385393620883292e+00
-2.401943495868221756e+00 -2.402972009149527910e+00 -2.402969953926782143e+00 -2.385718930734492371e+00 -1.065567491658594435e+01 -1.081819003994705852e+01
0.000000000000000000e+00 0.000000000000000000e+00 0.000000000000000000e+00 0.000000000000000000e+00 0.000000000000000000e+00 0.000000000000000000e+00
-1.430263724147102566e+00 -1.477878557682832827e+00 -1.466132033660845213e+00 1.291501623360046924e+00 -8.320549487430387359e+00 -7.181669020846905838e+00
7.196600568070933512e+00 2.899999999999989342e+01 1.497403843737036588e+01 6.911279098762652673e+00 5.817858516247611078e+00 6.494341476539709390e+00
-1.872088995558350399e+00 -1.894718339013510500e+00 -1.860113846754380296e+00 -1.317725384706063485e+00 -9.674971206160540405e+00 -9.053756173058479462e+00
1.764669910991469415e+00 -8.049015203257621209e-01 2.712261663755107799e-01 4.303999999999953197e+00 -7.034955430239103080e+00 -7.018057942676648508e+00
0.000000000000000000e+00 0.000000000000000000e+00 0.000000000000000000e+00 0.000000000000000000e+00 0.000000000000000000e+00 0.000000000000000000e+00
-2.234772457548017233e+00 -1.970920960000006827e+00 -2.246452739741098270e+00 -2.230749246734474500e+00 -9.627981720385061948e+00 -1.023084269068168695e+01
-2.112006952705971052e+00 -1.030336000000012353e+00 -2.098599394539631291e+00 -2.048039235493665178e+00 -9.703417566620684553e+00 -9.887548067751151137e+00
-2.322025711501124690e+00 -2.182552576000007516e+00 -2.322220642922399492e+00 -2.317648115603778258e+00 -1.051917644126526241e+01 -1.093011231608406320e+01
-2.437293416415716951e+00 -2.431431355671300754e+00 -2.431431355658900451e+00 -2.436361389091713292e+00 -1.069530603714230210e+01 -1.100776279683920400e+01
0.000000000000000000e+00 0.000000000000000000e+00 0.000000000000000000e+00 0.000000000000000000e+00 0.000000000000000000e+00 0.000000000000000000e+00
-2.476368817660850485e+00 -2.475315287211066639e+00 -2.475315287237051187e+00 -2.475733772566178104e+00 -1.072844104845959912e+01 -1.006807904477048154e+01
-2.399201723894063054e+00 -2.392502500458759673e+00 -2.385718927360007680e+00 -2.397408840783691097e+00 -1.064668040559638129e+01 -1.072111932729290018e+01
-1.030336000000012353e+00 -2.047566611918435697e+00 -2.024092960313695233e+00 -1.835823166114350702e+00 -1.004702980696272974e+01 -1.016172009795726794e+01
-2.309531545600007174e+00 -2.404519175530428488e+00 -2.403533249133924521e+00 -2.390183574716064463e+00 -9.731736456905554888e+00 -1.084083540685198166e+01
0.000000000000000000e+00 0.000000000000000000e+00 0.000000000000000000e+00 0.000000000000000000e+00 0.000000000000000000e+00 0.000000000000000000e+00
-2.182552576000007072e+00 -2.367472956577325593e+00 -2.359048745822587279e+00 -2.322382260997335912e+00 -1.072637253455939010e+01 -1.087201251978739514e+01
-2.443098957765146295e+00 -2.444268103388238522e+00 -2.431431356416007716e+00 -2.442107146486919511e+00 -1.084248678752758366e+01 -1.111068927922836735e+01
-2.364296387934522237e+00 -2.369730790221142858e+00 -2.309531545600007174e+00 -2.367894266800282033e+00 -9.783293722695461270e+00 -1.004792135902333250e+01
-2.448355197903024472e+00 -2.449785864174951477e+00 -2.431431356416007716e+00 -2.447794708319383616e+00 -1.107564250701897635e+01 -1.104331878207661433e+01
0.000000000000000000e+00 0.000000000000000000e+00 0.000000000000000000e+00 0.000000000000000000e+00 0.000000000000000000e+00 0.000000000000000000e+00
2.030406517503271058e+00 1.639999999999990976e+01 1.378764781903357717e+00 1.916084867033103656e+00 -1.762311581764642199e+00 -2.198374034909303276e+00
-1.622087466742269113e+00 -5.056000000001797251e-02 -1.169512166529949715e+00 -1.260528016260886064e+00 -7.903038298650127302e+00 -8.886845234958524742e+00
1.639999999999990976e+01 4.052627338789448252e+00 3.228049797352750883e+00 7.722228997889328816e+00 -1.018380310370018860e+00 -5.592036843739401908e-01
-1.178795587399492417e+00 -1.258731717694016927e+00 1.582399999999970275e+00 -3.757764672354002022e-01 -8.197960833759394106e+00 -7.658214226434543193e+00
0.000000000000000000e+00 0.000000000000000000e+00 0.000000000000000000e+00 0.000000000000000000e+00 0.000000000000000000e+00 0.000000000000000000e+00
-2.313595579980439965e+00 -2.182552576000007072e+00 -2.295766939345535995e+00 -2.280879783707641995e+00 -9.267484000461188032e+00 -9.762139134037653321e+00
-2.202591125012103301e+00 -1.618201600000009011e+00 -2.178070211833957437e+00 -2.176380089522843342e+00 -9.944046455902238790e+00 -1.004616108629937798e+01
-2.365327466966218317e+00 -2.309531545600007174e+00 -2.363451914242688634e+00 -2.354753489817907219e+00 -1.084354467720680226e+01 -1.054856352535950315e+01
-2.396321517285390001e+00 -2.385718927360007680e+00 -2.388501945703822127e+00 -2.388907242447880108e+00 -1.052820535265688839e+01 -1.083036301261261514e+01
0.000000000000000000e+00 0.000000000000000000e+00 0.000000000000000000e+00 0.000000000000000000e+00 0.000000000000000000e+00 0.000000000000000000e+00
-2.461940494227834453e+00 -2.458858813773272090e+00 -2.458858813771084062e+00 -2.459720358245149896e+00 -1.064338297176147208e+01 -1.030007867958939372e+01
-2.359665777736691172e+00 -2.354144539351032073e+00 -2.309531545600007174e+00 -2.357512392627993503e+00 -1.060481816093960816e+01 -1.090724150885295884e+01
-2.217854060594520504e+00 -2.242765178246939328e+00 -2.225405022071845096e+00 -1.618201600000009011e+00 -1.039251916852040836e+01 -1.028366842860213559e+01
-2.440989830954779283e+00 -2.438460139347068623e+00 -2.439044406888977168e+00 -2.385718927360007680e+00 -1.073179976779202782e+01 -1.048401540341980720e+01
0.000000000000000000e+00 0.000000000000000000e+00 0.000000000000000000e+00 0.000000000000000000e+00 0.000000000000000000e+00 0.000000000000000000e+00
-2.410025831730315371e+00 -2.411085481177545731e+00 -2.392559415669788248e+00 -2.309531545600007174e+00 -1.099720397159725493e+01 -1.068238144415396107e+01
-2.423322599621184015e+00 -2.428879173394564717e+00 -2.385718927360007680e+00 -2.420489618523844477e+00 -1.114703456908492463e+01 -1.064887742011074145e+01
-2.324445262993939831e+00 -2.323809375647703845e+00 -2.182552576000007072e+00 -2.328334443316546931e+00 -8.897414287710427416e+00 -9.934298602253038624e+00
-2.431661269537007897e+00 -2.435190941034820700e+00 -2.385718927360007680e+00 -2.434187799926257778e+00 -1.084970553820882699e+01 -1.072885757884259661e+01
0.000000000000000000e+00 0.000000000000000000e+00 0.000000000000000000e+00 0.000000000000000000e+00 0.000000000000000000e+00 0.000000000000000000e+00
-7.451950465394923118e-01 8.150338479127015034e+00 -7.175228111272200504e-01 1.349552930497174286e-01 -4.497316064474277120e+00 -5.248396674461830003e+00
-1.227218725933740373e+00 1.276343828760408750e+00 -1.207949460667810282e+00 -1.189330086832877553e+00 -4.478826416194267246e+00 -5.612393380786733665e+00
8.368271233617975702e-02 1.703529221360610135e-01 1.061173069234192301e+00 8.839999999999932356e+00 -5.102473921304270021e+00 -5.061162211548341006e+00
-1.156415947746571637e+00 -7.444059034748358172e-01 4.303999999999953197e+00 -3.995760785275247473e-01 -6.975843292355632386e+00 -6.989376865948165651e+00
0.000000000000000000e+00 0.000000000000000000e+00 0.000000000000000000e+00 0.000000000000000000e+00 0.000000000000000000e+00 0.000000000000000000e+00
-2.338772616229809032e+00 -2.309531545605174152e+00 -2.345323599448801311e+00 -2.336487926682399241e+00 -1.014472977100965423e+01 -1.067699412425185379e+01
-2.247493773530938377e+00 -1.970920960000006827e+00 -2.255038267413801201e+00 -2.240347112146902742e+00 -1.008730033520361680e+01 -1.019446594547966356e+01
-2.410532472950188243e+00 -2.385718927395342970e+00 -2.396974608980011023e+00 -2.395741609062176369e+00 -1.053746821725632188e+01 -1.069691692866453714e+01
-2.349693364151922204e+00 -2.309531545600007174e+00 -2.339818513260591981e+00 -2.351492580792678755e+00 -1.095367693979513390e+01 -1.048132060828928402e+01
0.000000000000000000e+00 0.000000000000000000e+00 0.000000000000000000e+00 0.000000000000000000e+00 0.000000000000000000e+00 0.000000000000000000e+00
-2.437757949289681481e+00 -2.431431356416001499e+00 -2.431431356416001499e+00 -2.435405986729187067e+00 -1.018843128539398535e+01 -1.065651905677117028e+01
-2.329929449656328089e+00 -2.182552576000007072e+00 -2.281173980692023928e+00 -2.309997538220587732e+00 -1.026789075774339111e+01 -1.055881622238722706e+01
-2.299091365947766086e+00 -2.305020063041392842e+00 -2.304399855562500044e+00 -1.970920960000006827e+00 -1.061503694411817555e+01 -1.047208057296085570e+01
-2.450210523806722218e+00 -2.455471185098433651e+00 -2.454971194865207984e+00 -2.431431356416007716e+00 -1.052422256356950214e+01 -1.039468364443203718e+01
0.000000000000000000e+00 0.000000000000000000e+00 0.000000000000000000e+00 0.000000000000000000e+00 0.000000000000000000e+00 0.000000000000000000e+00
-2.425219926034869022e+00 -2.438968561382454325e+00 -2.422297252192110228e+00 -2.385718927360007680e+00 -1.095996942668529961e+01 -1.074501504710274524e+01
-2.402203333799683094e+00 -2.403725950918977450e+00 -2.309531545600007174e+00 -2.401188250133451163e+00 -1.021704894752861570e+01 -1.053229018431298236e+01
-2.284991325804159867e+00 -2.282735074344509396e+00 -1.970920960000006827e+00 -2.281982628922478717e+00 -1.052677717981640981e+01 -1.020899003036290154e+01
-2.419820832530144017e+00 -2.419641069740274375e+00 -2.309531545600007174e+00 -2.410838876972395628e+00 -1.047222470330773625e+01 -1.056635673396331399e+01
0.000000000000000000e+00 0.000000000000000000e+00 0.000000000000000000e+00 0.000000000000000000e+00 0.000000000000000000e+00 0.000000000000000000e+00
-9.461167955450693334e-01 3.648657745852833312e+00 -1.034772653482697091e+00 -9.270350629508968821e-01 -6.253574837497045458e+00 -3.591393568581888740e+00
-9.415682061782780776e-01 3.227114667893283162e+00 -8.954301284996155630e-01 -8.557461262878742758e-01 -1.987111686054923609e+00 -2.598117139080793780e+00
-1.140199375542824578e+00 -7.422341064098910701e-01 -5.837468196688502253e-01 4.303999999999953197e+00 -7.287380880243402359e+00 -8.039817697171226740e+00
-1.861908150004112916e-02 4.780017127887920547e-01 8.839999999999932356e+00 3.704558485403509072e-01 -5.232459100986353029e+00 -4.842603479809450384e+00
0.000000000000000000e+00 0.000000000000000000e+00 0.000000000000000000e+00 0.000000000000000000e+00 0.000000000000000000e+00 0.000000000000000000e+00
-2.393898378406586147e+00 -2.385718927360007680e+00 -2.388918864123356300e+00 -2.387374764995563226e+00 -1.013712317804681362e+01 -1.092016082446330394e+01
-2.321016500704756069e+00 -2.182552576000007072e+00 -2.319020353948513691e+00 -2.311158220555288523e+00 -1.028944346108818664e+01 -1.042853179245777184e+01
-2.438534838456559051e+00 -2.431431356416007716e+00 -2.437831461087591300e+00 -2.431627097699192497e+00 -1.008240627884865326e+01 -1.066570006401259540e+01
-2.288986215031692417e+00 -2.182552576000010625e+00 -2.274478446939281362e+00 -2.281361985660680602e+00 -1.021219435563393674e+01 -1.075397047142868701e+01
0.000000000000000000e+00 0.000000000000000000e+00 0.000000000000000000e+00 0.000000000000000000e+00 0.000000000000000000e+00 0.000000000000000000e+00
-2.397092408014690257e+00 -2.385718927360007680e+00 -2.394618834004429875e+00 -2.394550227887363825e+00 -1.000249335109034199e+01 -1.023210489813948243e+01
-2.232801795622510799e+00 -1.970920960000012823e+00 -2.192584249280632225e+00 -2.229743864171978007e+00 -1.060786251227726140e+01 -9.547550498016718734e+00
-2.361570686330903612e+00 -2.368848245621184123e+00 -2.353483564668223060e+00 -2.182552576000007072e+00 -1.011937420026141865e+01 -1.066069365846164452e+01
-2.465848604364930363e+00 -2.467262743325400187e+00 -2.468588597736175227e+00 -2.458858813849607916e+00 -1.051375743635588123e+01 -1.039614524495367220e+01
0.000000000000000000e+00 0.000000000000000000e+00 0.000000000000000000e+00 0.000000000000000000e+00 0.000000000000000000e+00 0.000000000000000000e+00
-2.448614233423429543e+00 -2.448954196904678415e+00 -2.445897007065667150e+00 -2.431431356416007716e+00 -1.059103647043701635e+01 -1.078407596684014003e+01
-2.182552576000007072e+00 -2.372204325631163346e+00 -2.366307404328234387e+00 -2.369190536685297666e+00 -1.092547889562683849e+01 -1.087175971966125587e+01
-1.618201600000009011e+00 -2.179466377484138739e+00 -2.175457609187550823e+00 -2.186526121287954538e+00 -1.053378355407354228e+01 -1.013804271291190418e+01
-2.182552576000007072e+00 -2.383675547719134258e+00 -2.381406648214024369e+00 -2.376537973860731068e+00 -1.114225067135094527e+01 -1.094635829144130668e+01
0.000000000000000000e+00 0.000000000000000000e+00 0.000000000000000000e+00 0.000000000000000000e+00 0.000000000000000000e+00 0.000000000000000000e+00
-1.204396283833383041e+00 1.582399999999970275e+00 -1.461714507328581103e+00 -5.638995639110206959e-01 -8.544461048049356577e+00 -8.086960428399143197e+00
2.029406797397809714e-01 8.839999999999932356e+00 3.605268656663806581e+00 -4.496001033713415973e-01 -3.899018185663407632e+00 -4.823799906165919360e+00
-1.207035592037325245e+00 -1.268108320904205222e+00 -1.531138230481855489e+00 1.582399999999970275e+00 -8.464833371349579139e+00 -8.632084250173519990e+00
1.639999999999990976e+01 3.717491726001520558e+00 3.206773666070248829e+00 3.668971081753535035e+00 -1.081269423340457614e+00 -1.332981291336939655e+00
0.000000000000000000e+00 0.000000000000000000e+00 0.000000000000000000e+00 0.000000000000000000e+00 0.000000000000000000e+00 0.000000000000000000e+00
-2.431683634290913609e+00 -2.431429916783734768e+00 -2.431681207208253870e+00 -2.431429866696498188e+00 -1.085955920908182293e+01 -9.550870862139433370e+00
-2.357544471728091562e+00 -2.346725623393199456e+00 -2.349520739985107909e+00 -2.309532222598726037e+00 -1.073380769848890459e+01 -1.057262202845109123e+01
-2.461466951602662601e+00 -2.458858311352740245e+00 -2.459682422235013100e+00 -2.458858312518531708e+00 -1.064491555015637303e+01 -1.046487668776282831e+01
-2.220533887686162888e+00 -1.970920960000006827e+00 -2.211567661087763703e+00 -2.221543329892557761e+00 -9.195863883752721790e+00 -9.387888469400184732e+00
0.000000000000000000e+00 0.000000000000000000e+00 0.000000000000000000e+00 0.000000000000000000e+00 0.000000000000000000e+00 0.000000000000000000e+00
-2.361403400037544564e+00 -2.309531545600007174e+00 -2.367526115389531949e+00 -2.371777606974592612e+00 -1.043909203756296300e+01 -9.267053645676504914e+00
-2.175637898140729831e+00 -1.618201600000009011e+00 -2.161276368313911345e+00 -2.168803498281189235e+00 -1.008662479244158305e+01 -1.051151705773101597e+01
-2.375896518022010184e+00 -2.378759314406680758e+00 -2.375786283080615569e+00 -2.309531545600007174e+00 -1.054164573893372214e+01 -1.038053456136453967e+01
-2.476841839051724392e+00 -2.477046836155787801e+00 -2.476308684239404645e+00 -2.475315288309761552e+00 -1.092354912732979599e+01 -1.070943782831236213e+01
0.000000000000000000e+00 0.000000000000000000e+00 0.000000000000000000e+00 0.000000000000000000e+00 0.000000000000000000e+00 0.000000000000000000e+00
-2.460137738898409587e+00 -2.460137936777179846e+00 -2.459533000895669730e+00 -2.458858813849601699e+00 -1.054127115369932000e+01 -1.026952715887744816e+01
-2.350016005013554565e+00 -2.352745921818648611e+00 -2.349744260891970971e+00 -2.309531740635072605e+00 -1.047796725593453893e+01 -9.956704121886579273e+00
-2.165621226509660158e+00 -2.171384352087120106e+00 -2.173666397041710496e+00 -1.970922059704235618e+00 -1.015765081223718802e+01 -9.790855766044920472e+00
-2.374224341660952309e+00 -2.377856063670308995e+00 -2.377297768073834305e+00 -2.309532901958639695e+00 -1.021330482417211094e+01 -1.050994175226934679e+01
0.000000000000000000e+00 0.000000000000000000e+00 0.000000000000000000e+00 0.000000000000000000e+00 0.000000000000000000e+00 0.000000000000000000e+00
-1.503016353889570889e+00 -1.515789360983725853e+00 -1.527070176124297296e+00 -5.005295959931994609e-01 -8.276333498596891047e+00 -6.652282057387140846e+00
-4.698718649633329414e-01 1.625503685798513587e+01 -4.063017408526574670e-01 -4.711927787601277173e-01 -4.530370678191094846e+00 -3.561051218233352245e+00
-1.824820458696672754e+00 -1.817218613858518461e+00 -1.801349128781717157e+00 -4.239852016118724753e-01 -9.020116162376620395e+00 -8.394864085629185624e+00
-5.514728512959553575e-01 -6.433925777190373507e-01 -7.633537742268287074e-01 8.579445892350959113e+00 -4.102839202261805873e+00 -6.404727447256400197e+00
0.000000000000000000e+00 0.000000000000000000e+00 0.000000000000000000e+00 0.000000000000000000e+00 0.000000000000000000e+00 0.000000000000000000e+00
-2.277363792071259940e+00 -2.182552576111041365e+00 -2.278364948085156438e+00 -2.282811923053307712e+00 -1.015808832459256550e+01 -1.036680192130871880e+01
-2.168366255725834524e+00 -1.618201600113063909e+00 -2.171099315322298828e+00 -2.168837123846802939e+00 -1.006864771981964601e+01 -9.974609640198742966e+00
-2.350398443975985963e+00 -2.309531545871128078e+00 -2.350115193393173207e+00 -2.348320952117285643e+00 -1.046949096569226967e+01 -1.045743964104903512e+01
-2.460263981742751405e+00 -2.458858812116854420e+00 -2.459537608710012258e+00 -2.460449657595963568e+00 -1.052629027895130776e+01 -1.045414455340998039e+01
0.000000000000000000e+00 0.000000000000000000e+00 0.000000000000000000e+00 0.000000000000000000e+00 0.000000000000000000e+00 0.000000000000000000e+00
-2.485586832301887039e+00 -2.485189170278107262e+00 -2.485500553475368690e+00 -2.486028977949469976e+00 -1.037866820291992731e+01 -1.019261732577196433e+01
-2.437497085961529919e+00 -2.431431356447546488e+00 -2.433359363576288015e+00 -2.435820973685342228e+00 -1.065967228088808127e+01 -1.068998049184026122e+01
-5.056000000001797251e-02 -1.830912878805143862e+00 -1.616899590630792360e+00 -1.745515067727056557e+00 -9.731122466821487293e+00 -9.450490981026396398e+00
-2.182552576000007072e+00 -2.357408526996329634e+00 -2.321282261006894831e+00 -2.322893216296662011e+00 -1.036611681315014799e+01 -1.057318606263366334e+01
0.000000000000000000e+00 0.000000000000000000e+00 0.000000000000000000e+00 0.000000000000000000e+00 0.000000000000000000e+00 0.000000000000000000e+00
-1.970920960000006827e+00 -2.271613310490688153e+00 -2.217907947170998373e+00 -2.213297441629066942e+00 -1.050535692885553019e+01 -1.060419021218346813e+01
-2.459364117137440964e+00 -2.458858813851062308e+00 -2.459128804520811507e+00 -2.461936655353664793e+00 -1.082539712204243187e+01 -9.902736283734615341e+00
-2.407591190347106558e+00 -2.385718927365435782e+00 -2.404376223344911967e+00 -2.399428377058860029e+00 -1.002599448000135496e+01 -1.031715489041290468e+01
-2.461299560493634520e+00 -2.458858813856759085e+00 -2.461346364385094354e+00 -2.461675818859837328e+00 -1.082995222264428747e+01 -1.090065584356140604e+01
0.000000000000000000e+00 0.000000000000000000e+00 0.000000000000000000e+00 0.000000000000000000e+00 0.000000000000000000e+00 0.000000000000000000e+00
3.205852013962257607e-01 8.839999999999932356e+00 1.676220773651303952e+00 2.032798286521323661e+00 -5.383741535633311592e+00 -5.716448455212981727e+00
-1.924972952680420013e+00 -1.030336000000012353e+00 -1.746999104543067061e+00 -1.816792652197265712e+00 -9.447584935707126874e+00 -9.340896586496461040e+00
2.899999999999989342e+01 8.020813674578008090e+00 1.536937517169026179e+01 1.297289614043396533e+01 6.422612161919539098e+00 5.972187587619686155e+00
-1.648577170725239016e+00 -5.056000000001797251e-02 -1.312372541548528559e+00 -1.379977679344185804e+00 -9.114567607195162680e+00 -9.650094447819567378e+00
0.000000000000000000e+00 0.000000000000000000e+00 0.000000000000000000e+00 0.000000000000000000e+00 0.000000000000000000e+00 0.000000000000000000e+00
-2.344644584660165343e+00 -2.309531545600007174e+00 -2.338483400447141758e+00 -2.349959413237173500e+00 -1.024502271831191180e+01 -1.010604827067777656e+01
-2.244393189741145545e+00 -1.970920960017118695e+00 -2.248728838679684205e+00 -2.243839894291398629e+00 -1.033479354595321631e+01 -1.065115728989817434e+01
-2.402741333493837228e+00 -2.385718927360007680e+00 -2.396759925279769554e+00 -2.398262882864539147e+00 -1.058612036336468165e+01 -1.051724749209140697e+01
-2.434230283986468457e+00 -2.431427776891259995e+00 -2.431427515612746060e+00 -2.432355886749882679e+00 -1.061364437025266305e+01 -1.035512642498715152e+01
0.000000000000000000e+00 0.000000000000000000e+00 0.000000000000000000e+00 0.000000000000000000e+00 0.000000000000000000e+00 0.000000000000000000e+00
-2.476956660392236387e+00 -2.475311890507913670e+00 -2.475311719366003693e+00 -2.475914569478916416e+00 -1.054089823979294671e+01 -1.073098075304210042e+01
-2.393454278829501902e+00 -2.385718928566507024e+00 -2.388902657743607438e+00 -2.390039680045553006e+00 -9.910329108118322239e+00 -1.054886256030505898e+01
-2.288162928645409711e+00 -1.970920960014573620e+00 -2.288337298145593390e+00 -2.281370713804127703e+00 -1.015220613283275597e+01 -1.007281660779065469e+01
-2.448197063136815732e+00 -2.431431356416007716e+00 -2.446690164318877869e+00 -2.444837604502859474e+00 -1.011451384175314239e+01 -1.060332792351614373e+01
0.000000000000000000e+00 0.000000000000000000e+00 0.000000000000000000e+00 0.000000000000000000e+00 0.000000000000000000e+00 0.000000000000000000e+00
-2.417710296408272175e+00 -2.385718927360007680e+00 -2.417516031271448096e+00 -2.415193659984912422e+00 -1.099383548319063486e+01 -1.065068695779196872e+01
-2.433265437684407839e+00 -2.431429999179935741e+00 -2.431429995743013439e+00 -2.435019115822733671e+00 -1.032999865495706793e+01 -1.068868575275165611e+01
-2.343509516158916117e+00 -2.309531552113844199e+00 -2.335588967444222508e+00 -2.338511429148001142e+00 -1.043275926066088033e+01 -1.021272104978450912e+01
-2.439020529757134792e+00 -2.431431357118672310e+00 -2.437705784969594003e+00 -2.439017242671059904e+00 -1.097862054726818037e+01 -1.106575284322449093e+01
0.000000000000000000e+00 0.000000000000000000e+00 0.000000000000000000e+00 0.000000000000000000e+00 0.000000000000000000e+00 0.000000000000000000e+00
-7.214489484775462591e-01 -5.262025702879806754e-01 -7.248658347403353908e-01 -7.215754593862098165e-01 -3.071059961918200187e+00 -6.766660894907836621e+00
-1.125361636803921872e+00 -1.152610510867709825e+00 -1.125881638822275876e+00 -1.120535513092999036e+00 -6.587333621815263385e+00 -4.091171498499390324e+00
-1.049106836792781161e+00 3.338137579242784536e+00 -1.003764684300822774e+00 -1.000406604190631210e+00 -3.651463527008274035e+00 -3.631491946374307389e+00
-1.054504628225042318e+00 -1.042256574910512601e+00 3.711318892905863809e-01 -1.131644975530835318e+00 -1.985321493467686604e+00 -3.608474979585892584e+00
0.000000000000000000e+00 0.000000000000000000e+00 0.000000000000000000e+00 0.000000000000000000e+00 0.000000000000000000e+00 0.000000000000000000e+00
-2.386871552726469670e+00 -2.385715367917349283e+00 -2.388796265651960571e+00 -2.385715287954274899e+00 -1.000117351566010093e+01 -1.032702217850270188e+01
-2.289869453184005810e+00 -2.182552576032158242e+00 -2.284401064104434553e+00 -2.271084782907311084e+00 -9.365593694317018603e+00 -1.034075399003182127e+01
-2.434843370327952616e+00 -2.431428411486769470e+00 -2.432807606189914651e+00 -2.431428488396480070e+00 -1.030632254703778905e+01 -1.055410936241162290e+01
-2.399262700132033022e+00 -2.385718927360007680e+00 -2.395290617030586766e+00 -2.398881769762643223e+00 -1.015015122093877586e+01 -9.946559681887123361e+00
0.000000000000000000e+00 0.000000000000000000e+00 0.000000000000000000e+00 0.000000000000000000e+00 0.000000000000000000e+00 0.000000000000000000e+00
-2.461895637889139454e+00 -2.458858813849597702e+00 -2.459822454135134340e+00 -2.462187600227384365e+00 -1.068141241756412185e+01 -1.057932624399148480e+01
-2.367254955078653023e+00 -2.309531545600032043e+00 -2.363096284178912487e+00 -2.367178598583894900e+00 -1.031592053396890130e+01 -1.031318683874582298e+01
-2.305650221800382482e+00 -2.182552576012040557e+00 -2.307503030038169811e+00 -2.302702630657619487e+00 -1.020832751738714705e+01 -1.020082760451449388e+01
-2.459881254697076969e+00 -2.458857084530251758e+00 -2.459726979584114570e+00 -2.458857122421752361e+00 -1.060888161245432570e+01 -9.883536484724102067e+00
0.000000000000000000e+00 0.000000000000000000e+00 0.000000000000000000e+00 0.000000000000000000e+00 0.000000000000000000e+00 0.000000000000000000e+00
-2.437168872587977653e+00 -2.431431146146597388e+00 -2.434131865503867953e+00 -2.431431140082799480e+00 -9.065976323691069538e+00 -1.053077091148560207e+01
-2.414706772804080970e+00 -2.385718927360007680e+00 -2.419745742020190882e+00 -2.414927845502273129e+00 -1.003522579140993010e+01 -9.948024285895558094e+00
-2.316175090713419316e+00 -2.182552576000018618e+00 -2.313027945951122266e+00 -2.316596673743210211e+00 -1.023510125578581942e+01 -9.637897689369534504e+00
-2.431475938228916611e+00 -2.385718927360059194e+00 -2.430595003897497275e+00 -2.429852940582716503e+00 -1.006653333877634005e+01 -1.114399822075053237e+01
0.000000000000000000e+00 0.000000000000000000e+00 0.000000000000000000e+00 0.000000000000000000e+00 0.000000000000000000e+00 0.000000000000000000e+00
-7.354457561807777877e-01 -7.901691490422509956e-01 -7.671512750020680338e-01 -7.801262487593203510e-01 -6.472849513832526824e+00 -4.072345511554560815e+00
-1.108898541492565837e+00 -1.063474042530290653e+00 -1.042528565638695337e+00 -1.054923722308996448e+00 -4.959801050288772828e+00 -3.108078344965295781e+00
-1.122693278056054567e+00 6.225416801037831904e-01 -1.142699310756040809e+00 -1.150347470002565986e+00 -7.333097320402623076e+00 -5.686227762257084706e+00
-9.694748215326683960e-01 3.874061711709698930e+00 -1.008486186595309420e+00 -9.569015324211178619e-01 -6.506474447040282882e+00 -4.035839218530402839e+00
0.000000000000000000e+00 0.000000000000000000e+00 0.000000000000000000e+00 0.000000000000000000e+00 0.000000000000000000e+00 0.000000000000000000e+00
-2.436289770524493470e+00 -2.431431356416001499e+00 -2.433403996004148251e+00 -2.433247893915555071e+00 -1.077918662995936216e+01 -9.708010619915771855e+00
-2.367995667769859480e+00 -2.309531545600007174e+00 -2.360071740066762569e+00 -2.366021532769940539e+00 -1.061363331180178271e+01 -1.066136646296426527e+01
-2.459239418209935746e+00 -2.458858813849601699e+00 -2.459213088147963688e+00 -2.459102080815744440e+00 -1.078446288819919019e+01 -1.071774065638588880e+01
-2.316208997040941409e+00 -2.309531546335960250e+00 -2.313394525730105400e+00 -2.313041548408619530e+00 -9.801301606573801450e+00 -1.013141885167731360e+01
0.000000000000000000e+00 0.000000000000000000e+00 0.000000000000000000e+00 0.000000000000000000e+00 0.000000000000000000e+00 0.000000000000000000e+00
-2.432525197459499910e+00 -2.431428129404042071e+00 -2.431428105065092105e+00 -2.431652263932321034e+00 -1.027569133786139055e+01 -1.065420975397401371e+01
-2.269347387519149439e+00 -2.182552577017153439e+00 -2.265962105462429932e+00 -2.264330094328385723e+00 -1.060069471192615431e+01 -1.007296471452784736e+01
-2.388398532703559507e+00 -2.309531545600272295e+00 -2.389664486130349097e+00 -2.388665313938493906e+00 -1.045867901612069417e+01 -1.058733316586482687e+01
-2.477691358654876996e+00 -2.475315288309767769e+00 -2.475690380061226215e+00 -2.475891617175792980e+00 -1.074432948906764551e+01 -1.054546016322959012e+01
0.000000000000000000e+00 0.000000000000000000e+00 0.000000000000000000e+00 0.000000000000000000e+00 0.000000000000000000e+00 0.000000000000000000e+00
-2.463272918450626126e+00 -2.458858813849607916e+00 -2.460159370292274605e+00 -2.460305729729488355e+00 -1.025207592333802253e+01 -1.070557951311468337e+01
-1.970920960000006827e+00 -2.297113040735246692e+00 -2.292546468759775635e+00 -2.225883438643923906e+00 -1.078846341120255836e+01 -9.980059568800699665e+00
-1.030336000000012353e+00 -2.001551690134463879e+00 -2.019696908473581853e+00 -1.806711676110708265e+00 -9.960249060313156377e+00 -9.850510177555337421e+00
-1.970920960000006827e+00 -2.311336453304859262e+00 -2.310928972936011405e+00 -2.261696858299396151e+00 -1.056232625389911028e+01 -1.096617919508800298e+01
0.000000000000000000e+00 0.000000000000000000e+00 0.000000000000000000e+00 0.000000000000000000e+00 0.000000000000000000e+00 0.000000000000000000e+00
-1.692029698273078475e+00 -5.056000000001797251e-02 -1.775719803660038343e+00 -1.377661479720973636e+00 -8.940565280110849500e+00 -9.301406651945038462e+00
-5.029969744628649542e-01 4.303999999999953197e+00 -8.014862451796803122e-02 1.758535533477255108e-01 -6.494654201412656924e+00 -6.157431260232735681e+00
-1.727050418557904310e+00 -5.056000000001797251e-02 -1.878376277241083692e+00 -1.393001772120541215e+00 -9.699726965818268098e+00 -8.059698051587634637e+00
2.899999999999989342e+01 8.044277585440779532e+00 6.629214698959263075e+00 1.477286793303169254e+01 6.732979256489207920e+00 6.673600154532136841e+00
0.000000000000000000e+00 0.000000000000000000e+00 0.000000000000000000e+00 0.000000000000000000e+00 0.000000000000000000e+00 0.000000000000000000e+00
-2.460795192937378140e+00 -2.458847322946992708e+00 -2.459961531453535244e+00 -2.458846734529760880e+00 -1.041554621694372784e+01 -9.312244169998148635e+00
-2.388214558958302813e+00 -2.387387005480531510e+00 -2.389796689085517567e+00 -2.385718927789074240e+00 -1.057635031422214666e+01 -1.053145488673835573e+01
-2.476064502161059000e+00 -2.475310335081518431e+00 -2.476001219563700673e+00 -2.475310085405988847e+00 -1.072836814970919939e+01 -1.080446916307071703e+01
-2.277596481786215321e+00 -2.182552576000101219e+00 -2.278253663999928236e+00 -2.280958402549739805e+00 -9.153487697865889672e+00 -1.030287510986729771e+01
0.000000000000000000e+00 0.000000000000000000e+00 0.000000000000000000e+00 0.000000000000000000e+00 0.000000000000000000e+00 0.000000000000000000e+00
-2.400411819449375983e+00 -2.385718927360007680e+00 -2.400517337871219237e+00 -2.406142611281363308e+00 -1.002493298968801838e+01 -8.864739415241121634e+00
-2.233861551565753611e+00 -1.970920960137775735e+00 -2.239384170111728078e+00 -2.237189573466584314e+00 -1.047410751317687527e+01 -1.012827072699860409e+01
-2.402387611251186605e+00 -2.385718929745361372e+00 -2.400595601595757689e+00 -2.400554594219274751e+00 -1.018998542405458529e+01 -1.034203985635820011e+01
-2.486368136901341952e+00 -2.485187315910659223e+00 -2.485314370444404730e+00 -2.485187325371774669e+00 -1.055118107635106739e+01 -1.018916677290715178e+01
0.000000000000000000e+00 0.000000000000000000e+00 0.000000000000000000e+00 0.000000000000000000e+00 0.000000000000000000e+00 0.000000000000000000e+00
-2.475961979817193459e+00 -2.475313027395408483e+00 -2.475726504972775466e+00 -2.475312969901199089e+00 -1.101880006128373779e+01 -1.084242385776396844e+01
-2.290229989584450454e+00 -2.297581531029627033e+00 -2.298854739980711770e+00 -2.182553346533922412e+00 -1.037712630801297919e+01 -1.009377954875866656e+01
-2.076837305543953960e+00 -2.073381420658954699e+00 -2.080947654283845871e+00 -1.618202242167127825e+00 -8.913840780024054666e+00 -9.557378327898842230e+00
-2.330152314892204757e+00 -2.331625773578683170e+00 -2.337361606665727010e+00 -2.182552879811153979e+00 -9.898476608675466082e+00 -1.051413911509254007e+01
0.000000000000000000e+00 0.000000000000000000e+00 0.000000000000000000e+00 0.000000000000000000e+00 0.000000000000000000e+00 0.000000000000000000e+00
-1.711493812189978536e+00 -1.716329886183509679e+00 -1.719805949280792001e+00 -1.381389230084379971e+00 -8.707548561767399775e+00 -8.661670687650774525e+00
-7.654826782368713278e-01 6.256498126066903254e+00 -8.404638595154712011e-01 -7.268260260793699690e-01 -6.160564942601195249e+00 -6.222251853515063047e+00
-1.895244261588248991e+00 -1.908392322820130049e+00 -1.914193750672869010e+00 -1.261204682261167775e+00 -9.236779746748430497e+00 -9.169028570932413302e+00
1.531039662293932757e+01 -4.173722488308353462e-01 -4.165484026229071546e-01 7.584288501010350014e-01 -4.750984159919568128e+00 -3.459506072186161241e+00
0.000000000000000000e+00 0.000000000000000000e+00 0.000000000000000000e+00 0.000000000000000000e+00 0.000000000000000000e+00 0.000000000000000000e+00
-2.323055955847678433e+00 -2.309536228886666098e+00 -2.324687840805872874e+00 -2.326160095185986432e+00 -1.052196596050281485e+01 -9.398558014098963298e+00
-2.216658509357746887e+00 -1.970924149188271635e+00 -2.218567243154955904e+00 -2.217679572504696939e+00 -1.017408723544085269e+01 -1.002203733164223287e+01
-2.391452483796285833e+00 -2.385719515984709549e+00 -2.386913496780864286e+00 -2.389231047653277429e+00 -1.089334041908782957e+01 -1.041720227128098486e+01
-2.475535685637995531e+00 -2.475313929904955579e+00 -2.475867843639561805e+00 -2.475510362346964310e+00 -1.037307753110355257e+01 -1.086370714865333653e+01
0.000000000000000000e+00 0.000000000000000000e+00 0.000000000000000000e+00 0.000000000000000000e+00 0.000000000000000000e+00 0.000000000000000000e+00
-2.491355108838119392e+00 -2.491113012144222871e+00 -2.491199915113661678e+00 -2.491278186048558663e+00 -9.945216427404979243e+00 -1.020573889893434583e+01
-2.459831319458511523e+00 -2.458858582763885803e+00 -2.458996753099559562e+00 -2.459687970730199513e+00 -1.096601662567744384e+01 -1.073329536319776345e+01
-7.146696660596295603e-01 -1.302913792886108313e+00 -9.898630811476875069e-01 -9.101325609057913102e-01 1.582399999999970275e+00 -8.401374732401334811e+00
-2.219197099126917649e+00 -2.278544724970793744e+00 -2.207062255826241159e+00 -2.211811301016055609e+00 -1.970920960000006827e+00 -1.052995303696114782e+01
0.000000000000000000e+00 0.000000000000000000e+00 0.000000000000000000e+00 0.000000000000000000e+00 0.000000000000000000e+00 0.000000000000000000e+00
-2.043663085965965021e+00 -2.158373734623125983e+00 -2.048991520879318795e+00 -2.039199028931772073e+00 -1.618201600000009011e+00 -1.068950624865534493e+01
-2.475676570213641181e+00 -2.475314655956491361e+00 -2.475628285017490438e+00 -2.475368487340998680e+00 -1.063377740846454955e+01 -1.080195244815771360e+01
-2.432325152895559839e+00 -2.431431349168025946e+00 -2.433141407576948634e+00 -2.431806745022197180e+00 -1.059851505761896284e+01 -1.058854880168799184e+01
-2.475749595671043135e+00 -2.475315159060102133e+00 -2.475584849236208029e+00 -2.475954528860403236e+00 -1.074115006929899074e+01 -1.064612475614235265e+01
0.000000000000000000e+00 0.000000000000000000e+00 0.000000000000000000e+00 0.000000000000000000e+00 0.000000000000000000e+00 0.000000000000000000e+00
2.404812676573614694e-01 4.303999999999953197e+00 6.241091200064913247e-01 6.668247997335137178e-01 -7.639388923645348051e+00 -8.320400035548324302e-01
-2.047330999853063549e+00 -1.618201600000009011e+00 -2.056500649745603315e+00 -2.048712618306712585e+00 -1.046952466536420445e+01 -2.149058950788744760e+00
2.595477063409320806e+01 1.502290105698945055e+01 2.626416104340422919e+01 2.638287174561834192e+01 1.776569241485026751e+01 4.999999999999986500e+01
-1.748217404232702554e+00 -1.030336000000012353e+00 -1.791142659573287110e+00 -1.745412947360361677e+00 -9.656662833861199502e+00 -1.949464550554101949e+00
0.000000000000000000e+00 0.000000000000000000e+00 0.000000000000000000e+00 0.000000000000000000e+00 0.000000000000000000e+00 0.000000000000000000e+00
-2.388848106790313341e+00 -2.385718927413873480e+00 -2.386758612709231731e+00 -2.389184518844329475e+00 -1.019024460316940939e+01 -9.916129461344885598e+00
-2.294795883368960787e+00 -2.182554374468460789e+00 -2.295576444030801078e+00 -2.297478525303764840e+00 -1.069110616649859757e+01 -9.815744919574955318e+00
-2.432283874941000956e+00 -2.431431356410025391e+00 -2.431757949637469274e+00 -2.431946443668123070e+00 -1.004284665585130121e+01 -1.031771078566861988e+01
-2.459753749124113487e+00 -2.458750813354567466e+00 -2.458743997653906721e+00 -2.459332393548841811e+00 -1.059872888527011625e+01 -1.014016227905560363e+01
0.000000000000000000e+00 0.000000000000000000e+00 0.000000000000000000e+00 0.000000000000000000e+00 0.000000000000000000e+00 0.000000000000000000e+00
-2.485520909122150623e+00 -2.485141917969694525e+00 -2.485143360559376902e+00 -2.485188594033946430e+00 -1.018177247818293196e+01 -8.948717421507762282e+00
-2.434079042911759583e+00 -2.431350902294606264e+00 -2.431354080503130177e+00 -2.432841429524065457e+00 -1.029352339297525809e+01 -1.051455804324489129e+01
-2.307712395264804428e+00 -2.182554323162853915e+00 -2.317231729668015383e+00 -2.308001042395970703e+00 -9.393858434142366320e+00 -9.505946457579923958e+00
-2.459281854276305079e+00 -2.458858813835960166e+00 -2.458978128754147008e+00 -2.459834468651846517e+00 -1.061788090537631390e+01 -1.047967078843151612e+01
0.000000000000000000e+00 0.000000000000000000e+00 0.000000000000000000e+00 0.000000000000000000e+00 0.000000000000000000e+00 0.000000000000000000e+00
-2.434783292180220382e+00 -2.431431356626773344e+00 -2.438124764238529085e+00 -2.435723128849111685e+00 -1.057580717010202420e+01 -1.087809902816480623e+01
-2.459052132019262871e+00 -2.458709420896363795e+00 -2.458702221167598623e+00 -2.458953485832382935e+00 -1.085813109504915808e+01 -1.114814472856261141e+01
-2.388230431898882067e+00 -2.385673770433837326e+00 -2.385674717210437557e+00 -2.386281820418591604e+00 -1.019427590528635541e+01 -9.746987660033058276e+00
-2.459882047262650584e+00 -2.458813623593488096e+00 -2.458813376606947987e+00 -2.460589386151819991e+00 -1.095741707362977024e+01 -1.083203237133909980e+01
0.000000000000000000e+00 0.000000000000000000e+00 0.000000000000000000e+00 0.000000000000000000e+00 0.000000000000000000e+00 0.000000000000000000e+00
-6.979562917518892240e-01 -6.897345986781436844e-01 -7.209997534662548890e-01 -7.150954967411425889e-01 -3.102809327856425714e+00 -1.995490181661653040e+00
-1.081577701749220299e+00 -1.085351178701439823e+00 -1.091148392341684037e+00 -1.074125517288424314e+00 -5.703744122635592717e+00 -4.095579395575768444e+00
-9.872998989197411257e-01 -9.734926364942456667e-01 -1.007536328423942695e+00 -9.918704778039864056e-01 -4.561538937317676456e+00 -4.926131606673388674e+00
-9.981786025705713383e-01 -1.013689211213375962e+00 -9.894652951098508176e-01 -1.005578661276315788e+00 -5.929363685872112377e+00 -5.873284383702085165e+00
0.000000000000000000e+00 0.000000000000000000e+00 0.000000000000000000e+00 0.000000000000000000e+00 0.000000000000000000e+00 0.000000000000000000e+00
-2.434429734913227783e+00 -2.431284715530042551e+00 -2.431757107523163874e+00 -2.431293952597435748e+00 -9.541410278957899394e+00 -1.039656887459808843e+01
-2.331075341219591479e+00 -2.309532468162670327e+00 -2.328696160364783552e+00 -2.328538411939363950e+00 -1.068381091172363817e+01 -1.018524577446149948e+01
-2.458970660780472883e+00 -2.458726142427369421e+00 -2.459317841052584885e+00 -2.458727000323475576e+00 -1.096095533976049552e+01 -1.074679628517280605e+01
-2.432278189790209044e+00 -2.431431353366699799e+00 -2.431565092444070597e+00 -2.436177472345987471e+00 -1.064632004967971923e+01 -1.036282153500587633e+01
0.000000000000000000e+00 0.000000000000000000e+00 0.000000000000000000e+00 0.000000000000000000e+00 0.000000000000000000e+00 0.000000000000000000e+00
-2.475781630617471141e+00 -2.475315286646021740e+00 -2.475841303843291819e+00 -2.476242417181231836e+00 -1.035460954767590280e+01 -1.050097641513437097e+01
-2.395944518861500949e+00 -2.385718932934021819e+00 -2.393880993337599072e+00 -2.398016260089997242e+00 -1.065106904855298886e+01 -1.047253976921365215e+01
-2.334272346074357074e+00 -2.309532148768135507e+00 -2.333161129514209620e+00 -2.331807731054448496e+00 -1.013923174261502780e+01 -9.548610049222888918e+00
-2.475304926118840676e+00 -2.475221693530778477e+00 -2.475762534074840371e+00 -2.475227461611901436e+00 -1.064875815253225610e+01 -1.082070315744874023e+01
0.000000000000000000e+00 0.000000000000000000e+00 0.000000000000000000e+00 0.000000000000000000e+00 0.000000000000000000e+00 0.000000000000000000e+00
-2.460509857212991314e+00 -2.458805594676582551e+00 -2.458873441673588012e+00 -2.458804539391686639e+00 -1.057350696424065539e+01 -1.030557558513938687e+01
-2.435631556725286639e+00 -2.431431357586508746e+00 -2.436460824751508714e+00 -2.434975903868182634e+00 -1.084975509709062891e+01 -1.049166505877514943e+01
-2.350717496408346374e+00 -2.309531550962720559e+00 -2.348192483040194123e+00 -2.349308582417816815e+00 -9.819687042481783479e+00 -1.033302676025779121e+01
-2.444703238660576705e+00 -2.431431358385245822e+00 -2.444020551624077608e+00 -2.444898013171179940e+00 -1.015198660738155034e+01 -1.092191036513352387e+01
0.000000000000000000e+00 0.000000000000000000e+00 0.000000000000000000e+00 0.000000000000000000e+00 0.000000000000000000e+00 0.000000000000000000e+00
-7.088313718610002034e-01 -7.374054958507865187e-01 -7.088313718610002034e-01 -7.311437925901760337e-01 -3.566888934816742296e+00 -3.582525954446829974e+00
-1.099411809795919348e+00 -1.139763776901895787e+00 -1.081601713174130230e+00 -1.065620014581486696e+00 -1.990934144689028518e+00 -4.474019333719622793e+00
-1.027151917202303144e+00 -1.052328427180466930e+00 -1.035940639435369626e+00 -1.029983826268218383e+00 -3.615083245435352755e+00 -4.484503226522227770e+00
-9.539002783208979652e-01 -9.750586577477091677e-01 -9.852356841828326939e-01 -9.898460998467224492e-01 -3.548419453926539457e+00 -3.139276424423542267e+00
0.000000000000000000e+00 0.000000000000000000e+00 0.000000000000000000e+00 0.000000000000000000e+00 0.000000000000000000e+00 0.000000000000000000e+00
-2.459348691866996450e+00 -2.458858808454157163e+00 -2.462039111431208571e+00 -2.458932742709129649e+00 -1.046072594546027190e+01 -9.838397260981741610e+00
-2.395625464398357440e+00 -2.385718927594325134e+00 -2.396111051852346296e+00 -2.394508669906291409e+00 -1.063699941119043757e+01 -1.054757139458623705e+01
-2.475574473663930242e+00 -2.475315278736091251e+00 -2.476067515226922477e+00 -2.475327603293140388e+00 -1.085596219393138817e+01 -9.945392810587492249e+00
-2.388791056278160685e+00 -2.385648116031445110e+00 -2.385647766662762681e+00 -2.387258915635517287e+00 -1.055424557668204599e+01 -9.744633882530639113e+00
0.000000000000000000e+00 0.000000000000000000e+00 0.000000000000000000e+00 0.000000000000000000e+00 0.000000000000000000e+00 0.000000000000000000e+00
-2.459410500076473660e+00 -2.458698031685124796e+00 -2.458706674773888601e+00 -2.458754711953622163e+00 -9.599903105209236287e+00 -9.854539259271371421e+00
-2.320530693060050886e+00 -2.309536566172535998e+00 -2.317622018805349349e+00 -2.322780127662789074e+00 -1.056456945996102270e+01 -9.879789718276747124e+00
-2.410219162857502262e+00 -2.385718939216071366e+00 -2.411218430511423261e+00 -2.412427707773734831e+00 -1.044764489909141147e+01 -1.026803168634250341e+01
-2.485282516934662844e+00 -2.485189171803186881e+00 -2.485536593087730672e+00 -2.485798612252408279e+00 -1.072219541560238554e+01 -1.099513170063257483e+01
0.000000000000000000e+00 0.000000000000000000e+00 0.000000000000000000e+00 0.000000000000000000e+00 0.000000000000000000e+00 0.000000000000000000e+00
-2.476019723089066815e+00 -2.475315287866122205e+00 -2.476747904058205219e+00 -2.475776944335770224e+00 -1.090452830066331380e+01 -1.087688596747367420e+01
-2.076909498295226086e+00 -2.167864544529540360e+00 -2.190280784560978855e+00 -2.067602070511267875e+00 -1.618201600000009011e+00 -1.071284428263881949e+01
-1.503578699065446722e+00 -1.812909528535427750e+00 -1.791759208887539145e+00 -1.459668371237685669e+00 -5.056000000001797251e-02 -9.476379752011425239e+00
-2.090665758505438010e+00 -2.204461379397467891e+00 -2.229564887672535800e+00 -2.091267699996379736e+00 -1.618201600000009011e+00 -1.020903754088357296e+01
0.000000000000000000e+00 0.000000000000000000e+00 0.000000000000000000e+00 0.000000000000000000e+00 0.000000000000000000e+00 0.000000000000000000e+00
-1.749732448630305415e+00 -1.030336000000012353e+00 -2.035658598899310778e+00 -1.870386734171038734e+00 -9.956903929936403941e+00 -1.982542459834429893e+00
-9.642155268672907287e-01 1.582399999999970275e+00 -1.304417113855051102e+00 -5.984409079532493347e-01 -8.563215546816968171e+00 -1.341409594937837291e+00
-1.811730797719713459e+00 -1.030336000000012353e+00 -2.104861747866620725e+00 -1.915571889324412247e+00 -1.016032672436878848e+01 -2.043994031986052118e+00
2.579168767081329250e+01 1.554250740079681314e+01 1.320968325478213679e+01 2.466047381490097834e+01 1.876545279904548380e+01 4.999999999999986500e+01
0.000000000000000000e+00 0.000000000000000000e+00 0.000000000000000000e+00 0.000000000000000000e+00 0.000000000000000000e+00 0.000000000000000000e+00
-2.475519668122078798e+00 -2.475059868549752018e+00 -2.475607007998655185e+00 -2.475047074150446225e+00 -9.723386394897261198e+00 -1.019047413104543764e+01
-2.432233906592040196e+00 -2.431368543575699093e+00 -2.431728290954119576e+00 -2.431364162549393360e+00 -1.046304123521106000e+01 -1.008464910750719845e+01
-2.485136280355424887e+00 -2.485017367895019369e+00 -2.485411941314848328e+00 -2.485010364492715507e+00 -1.056634380108612170e+01 -1.103679053826891909e+01
-2.341685562294498535e+00 -2.309531548031209969e+00 -2.336448934601699001e+00 -2.336119457061403448e+00 -9.536924720517738763e+00 -1.008656822539718334e+01
0.000000000000000000e+00 0.000000000000000000e+00 0.000000000000000000e+00 0.000000000000000000e+00 0.000000000000000000e+00 0.000000000000000000e+00
-2.432361475614555513e+00 -2.431431355593100641e+00 -2.432239393979912734e+00 -2.432914539682912825e+00 -1.034846021498578494e+01 -1.005178206586576195e+01
-2.292644587109017085e+00 -2.182560384195345815e+00 -2.289285509442223532e+00 -2.291360904556159817e+00 -9.448032035567548448e+00 -9.559965800557092663e+00
-2.432057648510216552e+00 -2.431421048617826042e+00 -2.432789438435055906e+00 -2.431420858987858757e+00 -9.713451548440373173e+00 -1.018487581802047259e+01
-2.491278927303638202e+00 -2.491075455525731730e+00 -2.491139018085798185e+00 -2.491073517505892454e+00 -1.043263407312123014e+01 -1.072687173642316161e+01
0.000000000000000000e+00 0.000000000000000000e+00 0.000000000000000000e+00 0.000000000000000000e+00 0.000000000000000000e+00 0.000000000000000000e+00
-2.485265597384849201e+00 -2.485114283012029635e+00 -2.485416787634480151e+00 -2.485117954971932885e+00 -1.089058598898035335e+01 -1.091517200561203715e+01
-2.235764240588949292e+00 -2.247601934069122898e+00 -2.241125910326509985e+00 -1.970921918235624792e+00 -1.027606651366012969e+01 -9.487076081724541865e+00
-1.976277008568756433e+00 -1.966601226258090973e+00 -1.966986420781055456e+00 -1.030346483201793228e+00 -7.638482247158748351e+00 -9.263296742922150884e+00
-2.285779747542640905e+00 -2.285672829008571494e+00 -2.285676368750841014e+00 -1.970921575671213288e+00 -9.920267201773517840e+00 -1.013618303338299320e+01
0.000000000000000000e+00 0.000000000000000000e+00 0.000000000000000000e+00 0.000000000000000000e+00 0.000000000000000000e+00 0.000000000000000000e+00
-1.886200776534554979e+00 -1.880937526845432695e+00 -1.895390796805820122e+00 -1.763674241502987794e+00 -8.283505016935899690e+00 -8.480978781295481994e+00
-1.111455889897009941e+00 4.610926925745021943e-01 -1.140386267126678232e+00 -1.197814401031907838e+00 -6.034101654034170537e+00 -7.511225456405665746e+00
-1.999585263170880811e+00 -1.998456489148741078e+00 -1.994695080344792038e+00 -1.843758122610739791e+00 -1.015162397436971276e+01 -8.918240166216261144e+00
-2.844572869369321744e-02 -2.628991960000000017e-01 1.152642777902748161e+00 2.890912988809502693e+01 -1.563517335049732893e+00 -3.147627702282572937e+00
