0.000000000000000000e+00 0.000000000000000000e+00 0.000000000000000000e+00 0.000000000000000000e+00 0.000000000000000000e+00 0.000000000000000000e+00
-2.050563272797131908e+00 -2.043195655228310592e+00 -2.040215258851591607e+00 -2.003355851439672985e+00 -7.251295444005512181e-01 -2.663989027122382058e+00
-1.627622798284620753e+00 -1.682988279535561738e+00 -1.679187383750780249e+00 -1.695420171388971831e+00 2.337822435302080670e+00 -1.993944118078123884e+00
-2.120958564427003257e+00 -2.128827203013446745e+00 -2.122298693637583611e+00 -2.100124843948549369e+00 -1.448132070991253517e+00 -3.213935010752783317e+00
-2.475212012487685520e+00 -2.477028344415326711e+00 -2.478104271463136943e+00 -2.477404129518359532e+00 -5.086064400424134213e+00 -4.504916622211910138e+00
0.000000000000000000e+00 0.000000000000000000e+00 0.000000000000000000e+00 0.000000000000000000e+00 0.000000000000000000e+00 0.000000000000000000e+00
-2.547065609606130376e+00 -2.545499520510780656e+00 -2.545924055515547568e+00 -2.545364171199868686e+00 -2.552037724866086599e+00 -3.178064254964312330e+00
-2.444703247434899307e+00 -2.447303879917729574e+00 -2.447295517197144665e+00 -2.447208337030227554e+00 -3.655345415198543169e+00 -5.406293234020759897e+00
-2.215685485333558358e+00 -2.309815480249794994e+00 -2.308400130742162215e+00 -2.305833060980668758e+00 -3.272715720982978915e+00 -3.280475057336309508e+00
-2.539473364790461485e+00 -2.542306280356001480e+00 -2.542586488769722486e+00 -2.540391245334418180e+00 -2.622402278168513234e+00 -3.581116010515411396e+00
0.000000000000000000e+00 0.000000000000000000e+00 0.000000000000000000e+00 0.000000000000000000e+00 0.000000000000000000e+00 0.000000000000000000e+00
-2.489614830922592503e+00 -2.494818870029176683e+00 -2.494034807438474388e+00 -2.496800667259540418e+00 -3.231605866544308814e+00 -2.643551425581085912e+00
-2.544595469746080862e+00 -2.544533617225016808e+00 -2.543335851398937919e+00 -2.544650793839982938e+00 -2.633254671926513968e+00 -4.524557317824166702e+00
-2.479124159880736311e+00 -2.476659193270339454e+00 -2.479719855613431445e+00 -2.477445295712939366e+00 -5.931731731185830192e+00 -3.602951060787552784e+00
-2.554117209048347270e+00 -2.553767521574276778e+00 -2.552882218927584823e+00 -2.553921175443474745e+00 -4.248679358088565117e+00 -4.243237692635524638e+00
0.000000000000000000e+00 0.000000000000000000e+00 0.000000000000000000e+00 0.000000000000000000e+00 0.000000000000000000e+00 0.000000000000000000e+00
1.160818465712461611e+00 2.194914996730695123e+00 -1.334964308103929742e-01 2.194920959715899844e+00 5.632515306114836307e+00 5.235602094238356585e+01
4.447742947185699403e-01 -1.756171667661152735e+00 -1.755375474528011237e+00 -1.756171667661152735e+00 -4.130358852839637329e+00 -1.771963056802488667e+00
5.401007259473289857e+00 -1.320611483892774052e+00 -1.294987941253094910e+00 -1.287609100024763586e+00 -1.354028200000000126e+00 -1.175407830117447094e+00
-7.251298991136124750e-01 -1.836348308737441926e+00 -1.864339206540518878e+00 -1.861821544219955715e+00 -4.642064335675331499e+00 -1.872996953802771980e+00
0.000000000000000000e+00 0.000000000000000000e+00 0.000000000000000000e+00 0.000000000000000000e+00 0.000000000000000000e+00 0.000000000000000000e+00
-2.173197483621966963e+00 -2.179680296739183287e+00 -2.180236259124455067e+00 -1.713221527563769442e+00 -2.645605985291445084e+00 -2.663379140551200841e+00
-1.892104348273489389e+00 -1.885338228592120746e+00 -1.882008808416954393e+00 -3.699583395502636929e-01 -4.094520255544034981e+00 -5.221300750033238458e+00
-2.268763160603314510e+00 -2.255410790365475648e+00 -2.255412445115690279e+00 -1.894969840045437781e+00 -3.661140873040948041e+00 -2.584743611364286320e+00
-2.457598134817604141e+00 -2.459876375136473836e+00 -2.461102686055273381e+00 -2.463177477966176365e+00 -3.151412494636319117e+00 -4.990742969991426747e+00
0.000000000000000000e+00 0.000000000000000000e+00 0.000000000000000000e+00 0.000000000000000000e+00 0.000000000000000000e+00 0.000000000000000000e+00
-2.537810792026941265e+00 -2.537778067799598247e+00 -2.538272560500324460e+00 -2.537198781118342517e+00 -4.130959642352860506e+00 -3.642207582260138743e+00
-2.393054372124042928e+00 -2.412854754764008458e+00 -2.417705124086286350e+00 -2.416631216242592028e+00 -4.091292827672570631e+00 -3.579579394810551207e+00
-2.331962895714119632e+00 -2.341462304432320174e+00 -2.341049821585174051e+00 -2.342556826189596375e+00 -2.544087529926637448e+00 -4.161680376700851447e+00
-2.549031255250628014e+00 -2.550070404290522674e+00 -2.548670168118272183e+00 -2.549856077264331056e+00 -5.328691301299834038e+00 -4.126312580514376549e+00
0.000000000000000000e+00 0.000000000000000000e+00 0.000000000000000000e+00 0.000000000000000000e+00 0.000000000000000000e+00 0.000000000000000000e+00
-2.515068057432179760e+00 -2.516234667470434783e+00 -2.515493562444932163e+00 -2.514677697039092052e+00 -3.292355622999046716e+00 -3.148777894641968444e+00
-2.538019196794524479e+00 -2.538466660068508407e+00 -2.538192493250546633e+00 -2.537836328933689156e+00 -4.187675869280555574e+00 -2.633306081427752687e+00
-2.471047001001186239e+00 -2.472662828126201973e+00 -2.470875232346735118e+00 -2.473161989165474584e+00 -5.239691693111100612e+00 -4.029738415270148089e+00
-2.550127392003012972e+00 -2.550056427424115757e+00 -2.550353167428914158e+00 -2.550031003025622134e+00 -4.111371658643630411e+00 -2.650973453599966057e+00
0.000000000000000000e+00 0.000000000000000000e+00 0.000000000000000000e+00 0.000000000000000000e+00 0.000000000000000000e+00 0.000000000000000000e+00
-1.409444260000000115e-01 -1.381282000000000343e-01 -1.381282000000000343e-01 4.242129524159452103e+00 -7.000000000000000666e-01 -7.000000000000000666e-01
-1.107095773759222412e+00 -1.487341882972027740e+00 -1.487861196865343683e+00 -1.482829326787957980e+00 -3.084843381392804229e+00 -2.536250652408759798e+00
-1.171817750622253129e+00 -1.174346187498809035e+00 -1.175779067574322045e+00 -1.208629414340809394e+00 -1.360194773050548811e+00 -1.988873365507403790e+00
-1.554935393294842205e+00 -1.623971837656741135e+00 -1.604012802978326047e+00 -1.631489081420881337e+00 -4.830646284577126970e+00 -2.044346519320000333e+00
0.000000000000000000e+00 0.000000000000000000e+00 0.000000000000000000e+00 0.000000000000000000e+00 0.000000000000000000e+00 0.000000000000000000e+00
-2.381382624406930049e+00 -2.428931884748848358e+00 -2.428993219828891714e+00 -2.431683890680246041e+00 -2.623156382290984467e+00 -2.682377917095005948e+00
-2.202106845955964509e+00 -2.283688938912541655e+00 -2.289282340593104870e+00 -2.287239436049719465e+00 -4.569082059913943006e+00 -2.533378732360000107e+00
-2.461939674576357096e+00 -2.471459997084125337e+00 -2.471245205214145368e+00 -2.469469587016833945e+00 -3.300212497467169825e+00 -3.596119957757657026e+00
-2.251607266832044374e+00 -2.254754288856651634e+00 -2.161589753098011268e+00 -2.259664312609978687e+00 -4.448049736192386305e+00 -5.319613502313598197e+00
0.000000000000000000e+00 0.000000000000000000e+00 0.000000000000000000e+00 0.000000000000000000e+00 0.000000000000000000e+00 0.000000000000000000e+00
-2.417447234746827878e+00 -2.421269057581548534e+00 -2.367239765603140533e+00 -2.418385494828647175e+00 -3.054527049112000459e+00 -3.607304256586986391e+00
-2.177338444066904799e+00 -2.166677215155296210e+00 -1.840368996936951662e+00 -2.178110425751222490e+00 -4.983723876672753406e+00 -3.069700370942647361e+00
-2.432895402068909974e+00 -2.442736218203932275e+00 -2.447616224288612141e+00 -2.443690890983149622e+00 -3.633514623341546734e+00 -2.618085321179495217e+00
-2.578735775701288979e+00 -2.579488701850678023e+00 -2.579896001632111968e+00 -2.579320974215524753e+00 -3.744775561212336790e+00 -6.696694483952327914e+00
0.000000000000000000e+00 0.000000000000000000e+00 0.000000000000000000e+00 0.000000000000000000e+00 0.000000000000000000e+00 0.000000000000000000e+00
-2.550968944200557864e+00 -2.552013179762159023e+00 -2.552588734816089389e+00 -2.551435204578304639e+00 -3.634581486962785490e+00 -3.092098911352162194e+00
-2.488461534381479989e+00 -2.487836733498781872e+00 -2.486490903413737019e+00 -2.488362225657766214e+00 -4.157053755016237417e+00 -3.668917866105767533e+00
-2.373017308500728451e+00 -2.374488578459371002e+00 -2.375333669978793694e+00 -2.376415861987899891e+00 -2.541235461984746813e+00 -5.310335166477813118e+00
-2.512124835868096095e+00 -2.513467983631139102e+00 -2.510942390334330643e+00 -2.510898746635022771e+00 -2.669078853807354434e+00 -3.239719837577745842e+00
0.000000000000000000e+00 0.000000000000000000e+00 0.000000000000000000e+00 0.000000000000000000e+00 0.000000000000000000e+00 0.000000000000000000e+00
8.712925344735669153e-01 -9.211261593910893275e-01 -9.260027612289289944e-01 -9.211261593910893275e-01 -1.381282000000000121e+00 -1.362635558679619940e+00
-4.094491356700727946e-01 -3.901871114232599580e-01 2.490953435445674380e+00 -3.929041765841669309e-01 -1.962274426000000016e+00 -1.354028200000000126e+00
-1.564551664322589630e+00 -1.576159302733417533e+00 -1.585384312688000730e+00 -1.576159302733417533e+00 -1.978816959971713807e+00 -2.044346519320000333e+00
-9.869324602769387056e-01 -1.010651163013900566e+00 -1.032676008460529316e+00 -1.010651163013900566e+00 -1.381282000000000121e+00 -1.351000000000000201e+00
0.000000000000000000e+00 0.000000000000000000e+00 0.000000000000000000e+00 0.000000000000000000e+00 0.000000000000000000e+00 0.000000000000000000e+00
-2.460935211059487315e+00 -2.465757330066368880e+00 -2.462396716189560131e+00 -2.462843687794544323e+00 -3.277259243426417612e+00 -2.677177483919656709e+00
-2.284026021217143487e+00 -2.332339807802014775e+00 -2.332758404117985407e+00 -2.327100212614966246e+00 -3.677808242362705204e+00 -2.649636319669612661e+00
-2.502490318526597424e+00 -2.501713063953511007e+00 -2.502041107569571210e+00 -2.501807890455526096e+00 -2.580455827672444968e+00 -3.234241757036806941e+00
-2.161260098759278048e+00 -2.154964001038617738e+00 -1.595749033256985028e+00 -2.152825555799001922e+00 -5.223126325766944689e+00 -3.109194884516820689e+00
0.000000000000000000e+00 0.000000000000000000e+00 0.000000000000000000e+00 0.000000000000000000e+00 0.000000000000000000e+00 0.000000000000000000e+00
-2.347356924285240343e+00 -2.355224402103624826e+00 -2.171112135772259144e+00 -2.349759303139563826e+00 -2.573570425725347111e+00 -3.802070153647672868e+00
-2.042945654571716396e+00 -2.047552960713270753e+00 -8.393548439688368612e-01 -2.051230442882271188e+00 -3.626280669513022303e+00 -3.228624646482717075e+00
-2.467804855136317865e+00 -2.468327609668592437e+00 -2.471412475868160374e+00 -2.469521444399095600e+00 -2.645470785869984631e+00 -3.216514211158103542e+00
-2.584445870128022626e+00 -2.584413158948523748e+00 -2.584642580073156282e+00 -2.583890003159610149e+00 -3.191866288989925859e+00 -3.161329334783225420e+00
0.000000000000000000e+00 0.000000000000000000e+00 0.000000000000000000e+00 0.000000000000000000e+00 0.000000000000000000e+00 0.000000000000000000e+00
-2.560926829993644738e+00 -2.561122283055485394e+00 -2.561567483338175855e+00 -2.560398333045002417e+00 -4.058656078591999616e+00 -4.560678789006204603e+00
-2.462226756058448540e+00 -2.465478948471271359e+00 -2.468304687363422456e+00 -2.466599939046680845e+00 -4.685619331413728439e+00 -4.932120125886393147e+00
-2.265577741559797076e+00 -2.346721769819522407e+00 -2.341897311459834263e+00 -2.345985768824012663e+00 -2.561472538804494992e+00 -2.689680693393383670e+00
-2.482825749484969702e+00 -2.495321439309561740e+00 -2.495606889093288761e+00 -2.496833736953940619e+00 -4.958879101915993459e+00 -2.661600914418784214e+00
0.000000000000000000e+00 0.000000000000000000e+00 0.000000000000000000e+00 0.000000000000000000e+00 0.000000000000000000e+00 0.000000000000000000e+00
2.337822488778041663e+00 -1.250199226299132382e+00 -1.249720705618760253e+00 -1.250098210995586268e+00 -1.986539462618201579e+00 -3.586220976967684937e+00
-2.071755720487600261e-01 2.308518461146744194e+00 3.135602094237892956e+01 -2.597196952255649283e-01 -6.034713144014376418e-01 9.586590550143325729e-02
-7.251296835842372390e-01 -1.798831491420339601e+00 -1.782552590251394786e+00 -1.760309491571187435e+00 -2.014874260000000028e+00 -2.033294013166640379e+00
-8.650457572077643320e-01 -1.095369747689433071e+00 -1.095307020388446073e+00 -1.071462312446906040e+00 -1.356844426000000103e+00 -3.581462344507889917e+00
0.000000000000000000e+00 0.000000000000000000e+00 0.000000000000000000e+00 0.000000000000000000e+00 0.000000000000000000e+00 0.000000000000000000e+00
-2.485932099529894135e+00 -2.488577479641765233e+00 -2.488276519551589239e+00 -2.488036264271080267e+00 -3.198255800916038893e+00 -2.666532567311016066e+00
-2.382889416439879504e+00 -2.383075123663417560e+00 -2.383212673949619553e+00 -2.382066319090622386e+00 -4.048754676817668319e+00 -3.256613917445498885e+00
-2.516668426437870476e+00 -2.515890261957348883e+00 -2.516350955899053332e+00 -2.517904783283924086e+00 -5.258081047787203310e+00 -3.598537208920760566e+00
-1.984230210717406351e+00 -1.977026806457973462e+00 -1.941657770920177439e+00 -1.980154148699329264e+00 -7.251297526257889370e-01 -4.858555922684734796e+00
0.000000000000000000e+00 0.000000000000000000e+00 0.000000000000000000e+00 0.000000000000000000e+00 0.000000000000000000e+00 0.000000000000000000e+00
-2.242802898556860658e+00 -2.230398616738002548e+00 -2.231170006632122504e+00 -2.229462036119916668e+00 -1.894948628786063294e+00 -3.216817102722234090e+00
-1.837386626265987255e+00 -1.688735518840110750e+00 -1.841224493497910952e+00 -1.797440369950721539e+00 4.447735327009215700e-01 -2.023111461757347129e+00
-2.487313798695505174e+00 -2.487436982304973121e+00 -2.488367366081397414e+00 -2.488442454785809499e+00 -2.558686891141653597e+00 -2.651542705274672063e+00
-2.587217188072282514e+00 -2.586630307227285375e+00 -2.586944557367773179e+00 -2.586630981544107311e+00 -6.339277881547856097e+00 -5.333217938831089633e+00
0.000000000000000000e+00 0.000000000000000000e+00 0.000000000000000000e+00 0.000000000000000000e+00 0.000000000000000000e+00 0.000000000000000000e+00
-2.566878365252831529e+00 -2.566328247785836680e+00 -2.566888443107658180e+00 -2.566130215209203591e+00 -3.157828321173853148e+00 -4.222367974906675592e+00
-2.475735501581940667e+00 -2.473576335571501694e+00 -2.473771457384180472e+00 -2.476970131723655655e+00 -2.657886042999206833e+00 -4.629051469401741947e+00
-2.359666855836838995e+00 -2.368091448629042972e+00 -2.362959594804490138e+00 -2.362319109754701607e+00 -4.544364310269076945e+00 -3.114358391685196903e+00
-2.503484766271702799e+00 -2.504323543738943947e+00 -2.501766078595414555e+00 -2.502579472693543305e+00 -3.679099321801271749e+00 -3.113990971383436168e+00
0.000000000000000000e+00 0.000000000000000000e+00 0.000000000000000000e+00 0.000000000000000000e+00 0.000000000000000000e+00 0.000000000000000000e+00
-1.643085788800659808e+00 -1.656466372306474533e+00 -1.614797793891603828e+00 4.447742539387247729e-01 -1.970860061376480621e+00 -1.634849714226342288e+00
-1.995263136096210588e-01 4.166311186707980951e+00 2.129821441646474689e+00 2.120095113083595884e+00 2.004799267857442224e+00 5.235602094237918180e+01
-2.015657771825761113e+00 -2.027433443620659581e+00 -2.027156840434482188e+00 -1.448131149251697281e+00 -3.091378145407822409e+00 -2.045784000030324457e+00
2.337822310895973921e+00 -1.472307833364352225e+00 -1.341660065768934151e+00 -1.427923684148794115e+00 -3.996890126284300404e+00 -1.443095414097323115e+00
0.000000000000000000e+00 0.000000000000000000e+00 0.000000000000000000e+00 0.000000000000000000e+00 0.000000000000000000e+00 0.000000000000000000e+00
-2.217884412066810640e+00 -1.448130669150872407e+00 -2.201717545699092504e+00 -2.203324353086274279e+00 -3.611159047061140992e+00 -2.630466705600499999e+00
-1.951837158529986294e+00 4.447739421236273638e-01 -1.902888522235573365e+00 -1.924095655955432305e+00 -3.604021458654325549e+00 -3.151958747198784661e+00
-2.279474258526867025e+00 -1.912110788431723218e+00 -2.274119540181114285e+00 -2.274859169554003913e+00 -2.671680951577940277e+00 -2.549585084592631112e+00
-2.468220825216508540e+00 -2.468408484330794739e+00 -2.459184190529619229e+00 -2.465217308154263876e+00 -3.565185855209034749e+00 -6.635730057048960795e+00
0.000000000000000000e+00 0.000000000000000000e+00 0.000000000000000000e+00 0.000000000000000000e+00 0.000000000000000000e+00 0.000000000000000000e+00
-2.544123003105771996e+00 -2.545508910386478529e+00 -2.544404674847667192e+00 -2.544542778101305025e+00 -3.581114065996619189e+00 -3.571280544476148844e+00
-2.424548233095821903e+00 -2.424320342261100159e+00 -2.392285016633930450e+00 -2.422306070662743505e+00 -5.263189850363817257e+00 -5.558701676065082253e+00
-1.665247858086276178e+00 -2.251644869582619446e+00 -2.250344405476707887e+00 -2.253012581151041527e+00 -2.611976138727491570e+00 -2.609803207848759854e+00
-2.478157849606243524e+00 -2.524595126908871556e+00 -2.524038739479187221e+00 -2.524989568234961457e+00 -4.163200462875515484e+00 -6.711541051987094164e+00
0.000000000000000000e+00 0.000000000000000000e+00 0.000000000000000000e+00 0.000000000000000000e+00 0.000000000000000000e+00 0.000000000000000000e+00
-2.378811021907898393e+00 -2.473752368945850044e+00 -2.471518105593331960e+00 -2.473617951781834634e+00 -4.093796933320168030e+00 -3.637776700186340584e+00
-2.539140026405644068e+00 -2.538912506703519423e+00 -2.539186674227359664e+00 -2.538376996179903866e+00 -2.622723936134667255e+00 -3.083717316515537377e+00
-2.455744025579946310e+00 -2.458099457311264668e+00 -2.454875457555039997e+00 -2.456751921851659137e+00 -3.627549913908108437e+00 -5.055061276810683069e+00
-2.547078582407138025e+00 -2.547160248474324984e+00 -2.547714116945839269e+00 -2.547858790951535557e+00 -3.195048282355320790e+00 -4.133503605038240991e+00
0.000000000000000000e+00 0.000000000000000000e+00 0.000000000000000000e+00 0.000000000000000000e+00 0.000000000000000000e+00 0.000000000000000000e+00
6.808957709720495632e-01 3.135602094238356941e+01 2.504035478970006778e+00 -1.956430000000000113e-01 -7.000000000000000666e-01 1.991792870900369605e-01
-1.459507285786631803e+00 -1.476777699239730346e+00 2.337822493017542413e+00 -1.545052246543996421e+00 -2.873528457328047292e+00 -1.962274426000000016e+00
1.035761694097331720e+01 -6.787766813162933177e-01 -9.104176753594648286e-01 3.139980387384840865e-01 -1.971084781228951588e+00 -2.071409394763283895e+00
4.447742541259758209e-01 -1.560720325494957317e+00 -1.542107170679762218e+00 -1.574978578678718932e+00 -2.557421770621522317e+00 -2.531258541246829807e+00
0.000000000000000000e+00 0.000000000000000000e+00 0.000000000000000000e+00 0.000000000000000000e+00 0.000000000000000000e+00 0.000000000000000000e+00
-2.290264728183168508e+00 -2.289263971069642079e+00 -2.292999927566407692e+00 -1.894952347578605201e+00 -2.676786740304310186e+00 -3.167356219604980705e+00
-2.076752776060285299e+00 -2.065535110322113344e+00 -2.082776483408230739e+00 -7.251328613581660143e-01 -2.664050808623906086e+00 -3.140002604591805913e+00
-2.360566332666022671e+00 -2.171208471267034312e+00 -2.352041284043431713e+00 -2.345270032429469520e+00 -2.634825595719865632e+00 -3.085340778924508420e+00
-2.425406310436139190e+00 -2.425061856992338338e+00 -2.345564303999112532e+00 -2.424623423096001762e+00 -6.494732941584919317e+00 -3.101793921533614107e+00
0.000000000000000000e+00 0.000000000000000000e+00 0.000000000000000000e+00 0.000000000000000000e+00 0.000000000000000000e+00 0.000000000000000000e+00
-2.520300413728732369e+00 -2.520946881958138874e+00 -2.515832914073439674e+00 -2.522020493404489194e+00 -2.620264445909701756e+00 -2.549746265158998604e+00
-2.373663257745601829e+00 -2.373786055721495369e+00 -2.187068608107431089e+00 -2.378678436739633639e+00 -4.074924548562470328e+00 -4.152540128458038104e+00
-2.041075734219504501e+00 -2.323308439246032808e+00 -2.323396087729758808e+00 -2.319972579037772764e+00 -3.273797758949042791e+00 -4.058949089674204203e+00
-2.523638177044485786e+00 -2.544927135862363521e+00 -2.545045786320822234e+00 -2.543652954517479081e+00 -3.598674827166769230e+00 -5.763705263904703280e+00
0.000000000000000000e+00 0.000000000000000000e+00 0.000000000000000000e+00 0.000000000000000000e+00 0.000000000000000000e+00 0.000000000000000000e+00
-2.462486949044464080e+00 -2.502986548828316948e+00 -2.501006525428575600e+00 -2.501261755929926167e+00 -6.463371872253479644e+00 -6.936474949656828315e+00
-2.515103894295836806e+00 -2.518484994546108080e+00 -2.515530806989120016e+00 -2.516295712001809903e+00 -3.150456965596090342e+00 -3.259272410911183915e+00
-2.419003347279800042e+00 -2.421064039809917912e+00 -2.388054551571630935e+00 -2.424992434863444846e+00 -7.083998677762324725e+00 -6.949203583282258734e+00
-2.522268685055403026e+00 -2.529956573847011114e+00 -2.530330788149462329e+00 -2.530672663107617293e+00 -3.666455858734042117e+00 -2.689680693393383670e+00
0.000000000000000000e+00 0.000000000000000000e+00 0.000000000000000000e+00 0.000000000000000000e+00 0.000000000000000000e+00 0.000000000000000000e+00
-3.329887043494488275e-01 -2.114926797390922764e-01 -2.717242397985228375e-01 1.837802094237317618e+01 -1.356844426000000103e+00 -1.332168703995512793e+00
-1.272788848816149843e+00 -1.248902276915967668e+00 5.401007270342819133e+00 -1.103550924923925702e+00 -2.314702621622593881e+00 -2.094819550365485838e+00
-9.108140898760506143e-01 -1.074803959354841520e+00 -1.059351719394309388e+00 -1.046595310717076233e+00 -1.988703718357982098e+00 -1.381282000000000121e+00
-2.422856438260419243e-01 -1.357342229212246565e+00 -1.280966657274989595e+00 -1.295918661202593247e+00 -1.981923502523087244e+00 -1.381282000000000121e+00
0.000000000000000000e+00 0.000000000000000000e+00 0.000000000000000000e+00 0.000000000000000000e+00 0.000000000000000000e+00 0.000000000000000000e+00
-2.385043053475163433e+00 -2.389517914798207077e+00 -2.388121807587531897e+00 -2.171221141924032594e+00 -3.268745141783325092e+00 -3.140928194456836131e+00
-2.222374945788707645e+00 -2.238616919277425232e+00 -2.227990522356947611e+00 -1.458200294643685391e+00 -4.108378689885964441e+00 -4.066117843796630105e+00
-2.437966110031575262e+00 -2.450638446694219486e+00 -2.437816041125307365e+00 -2.342440456512177693e+00 -3.236009305232228961e+00 -4.322133837704280168e+00
-2.345616742405685962e+00 -2.343846493683980015e+00 -2.171394883542549170e+00 -2.342435840791576851e+00 -4.460151073523338283e+00 -3.258791661224403668e+00
0.000000000000000000e+00 0.000000000000000000e+00 0.000000000000000000e+00 0.000000000000000000e+00 0.000000000000000000e+00 0.000000000000000000e+00
-2.478654245340562667e+00 -2.472429351581624690e+00 -2.448895888587512726e+00 -2.477093108864161675e+00 -3.735475642617784420e+00 -2.628069779776511350e+00
-2.275936758216311695e+00 -2.265171205258199372e+00 -1.895158427612468888e+00 -2.280133255934073233e+00 -2.622976968757189997e+00 -2.689680693393383670e+00
-2.238801203586793243e+00 -2.404652993090909074e+00 -2.403703818564887573e+00 -2.397362354508157711e+00 -3.666761598721030246e+00 -3.618181066759434295e+00
-2.558771882684073518e+00 -2.566461796666875461e+00 -2.564947016878368569e+00 -2.565037887510541292e+00 -5.514726362264040560e+00 -5.913322079235727280e+00
0.000000000000000000e+00 0.000000000000000000e+00 0.000000000000000000e+00 0.000000000000000000e+00 0.000000000000000000e+00 0.000000000000000000e+00
-2.521194430202262637e+00 -2.533790636864652779e+00 -2.534882986320127429e+00 -2.532713294580331009e+00 -3.244602731419551578e+00 -3.163214626341925406e+00
-2.454841238716276131e+00 -2.475862422590791478e+00 -2.472966366514862901e+00 -2.472536296852709370e+00 -3.253720359663292427e+00 -6.666026502541765986e+00
-2.195263889734845097e+00 -2.354624665088226543e+00 -2.354499682413036421e+00 -2.359816828260477006e+00 -4.876828109698915448e+00 -4.947989105342399441e+00
-2.473559056058055816e+00 -2.502567168361750305e+00 -2.501757231584613272e+00 -2.503051921301030269e+00 -2.577041255836551414e+00 -3.254001423959731909e+00
0.000000000000000000e+00 0.000000000000000000e+00 0.000000000000000000e+00 0.000000000000000000e+00 0.000000000000000000e+00 0.000000000000000000e+00
-6.545211314903297550e-01 -6.677455954202259347e-01 -6.502348625122454928e-01 1.035761694235825914e+01 -1.521586950337058042e+00 -1.354028200000000126e+00
-7.828592371551228446e-01 -6.656319922089233287e-01 1.035761694236358466e+01 -6.964036829258194450e-01 -1.356975425932000157e+00 -1.091674451910999100e+00
-1.847299621190014451e-01 -1.354911698146322729e+00 -1.372128708707966771e+00 -1.343313278730489113e+00 -2.539061692631989331e+00 -1.381060579757229512e+00
-2.226100683423073434e-01 -9.293556795404591675e-01 -9.252708952457082692e-01 -9.530624304967434401e-01 -2.544281405990016509e+00 -1.381282000000000121e+00
0.000000000000000000e+00 0.000000000000000000e+00 0.000000000000000000e+00 0.000000000000000000e+00 0.000000000000000000e+00 0.000000000000000000e+00
-2.439592673083585517e+00 -2.442387345511108698e+00 -2.440339613952038800e+00 -2.352974718176822577e+00 -3.212154220010142502e+00 -2.564969569176754227e+00
-2.308871792922242872e+00 -2.309577902911236436e+00 -2.313477047720816415e+00 -1.948993532579911481e+00 -3.137369973882527141e+00 -2.663013099104467596e+00
-2.477955203950112484e+00 -2.478714212534301353e+00 -2.480057148992860672e+00 -2.452097604561082722e+00 -3.296317272342259574e+00 -3.205122297712204915e+00
-2.258951968742807015e+00 -2.250024494207021775e+00 -1.894978089002811394e+00 -2.256668594161271191e+00 -3.051579823180000428e+00 -3.598903223689129849e+00
0.000000000000000000e+00 0.000000000000000000e+00 0.000000000000000000e+00 0.000000000000000000e+00 0.000000000000000000e+00 0.000000000000000000e+00
-2.416253153661118702e+00 -2.341961622281198530e+00 -2.410337061928840896e+00 -2.422143417494137640e+00 -3.249991939744243385e+00 -2.626064047194022422e+00
-2.160211070087085794e+00 -2.151339693224816330e+00 -1.448160233554163678e+00 -2.156678095791470184e+00 -3.598853773992447991e+00 -3.196248798320112883e+00
-2.382048280777061766e+00 -2.443431134393880821e+00 -2.440928937442601310e+00 -2.440748143317529983e+00 -4.117412771872423605e+00 -3.745621289920197494e+00
-2.578766739615981241e+00 -2.579032041614413462e+00 -2.579002120527407627e+00 -2.578786920919455383e+00 -3.675113395215458656e+00 -6.266326368948803349e+00
0.000000000000000000e+00 0.000000000000000000e+00 0.000000000000000000e+00 0.000000000000000000e+00 0.000000000000000000e+00 0.000000000000000000e+00
-2.553400559999931207e+00 -2.553651247118840395e+00 -2.553545104740950755e+00 -2.553246510889274568e+00 -2.610167849251080696e+00 -2.562486626861303129e+00
-2.350929997102786828e+00 -2.438634802946717084e+00 -2.438126156956929691e+00 -2.434299384159297475e+00 -3.088977760069719025e+00 -4.164783527824910792e+00
-1.917605963338158137e+00 -2.295616866135760770e+00 -2.298353857922226684e+00 -2.295256388861229180e+00 -4.521129148944398324e+00 -3.707396613489210679e+00
-2.355984250863445428e+00 -2.473070903038778745e+00 -2.472497479571939660e+00 -2.472336630138575408e+00 -5.925930438896242158e+00 -4.639921013483662371e+00
0.000000000000000000e+00 0.000000000000000000e+00 0.000000000000000000e+00 0.000000000000000000e+00 0.000000000000000000e+00 0.000000000000000000e+00
-1.057900607047866703e+00 -9.199866714896082209e-01 -1.065236747398544237e+00 5.401007270338155308e+00 -2.078186706054466093e+00 -1.354028200000000126e+00
1.410789403513579288e-03 1.837802094237844841e+01 3.194692633915221958e+00 5.746577766013677424e-02 -4.220161990938756102e-01 -1.144746403039475391e+00
4.447742815035815034e-01 -1.595860424252858456e+00 -1.622241194972055878e+00 -1.597656036987384676e+00 -3.084766201729418178e+00 -4.076791234777870976e+00
1.035761693924363414e+01 -8.060537112632284451e-01 -8.579091764316673085e-01 -7.958918896468960558e-01 -1.536521751391159984e+00 -1.354028200000000126e+00
0.000000000000000000e+00 0.000000000000000000e+00 0.000000000000000000e+00 0.000000000000000000e+00 0.000000000000000000e+00 0.000000000000000000e+00
-2.477680645345069710e+00 -2.476150612030966425e+00 -2.476690899036595450e+00 -2.468322497500754942e+00 -2.545570335238882098e+00 -3.307611545788165408e+00
-2.366260804236335336e+00 -2.364780247576808936e+00 -2.363031974350930042e+00 -2.299929302154292365e+00 -4.117798973945436813e+00 -4.889034511703171937e+00
-2.515296821497723823e+00 -2.512592422901324785e+00 -2.513674898797160218e+00 -2.512393232679130062e+00 -2.683010566150736409e+00 -3.689816897890576985e+00
-2.158766036545752165e+00 -1.448131813098730847e+00 -2.155324876681368629e+00 -2.167397636097586844e+00 -3.669850125357029480e+00 -2.654246036357928773e+00
0.000000000000000000e+00 0.000000000000000000e+00 0.000000000000000000e+00 0.000000000000000000e+00 0.000000000000000000e+00 0.000000000000000000e+00
-2.350536474669096876e+00 -2.178095683487976331e+00 -2.348759959634780348e+00 -2.353951013098892542e+00 -3.148552107993883631e+00 -3.117365331676202889e+00
-2.053649418212044608e+00 -7.251339655850225219e-01 -2.040668749689775296e+00 -2.052523177989139302e+00 -4.955071933201013579e+00 -2.604115061799999964e+00
-2.469175369748054294e+00 -2.469307100913662012e+00 -2.469692383554415560e+00 -2.469581405506586336e+00 -3.575581502043848836e+00 -2.581455135869296758e+00
-2.584421858729602395e+00 -2.584390060304959214e+00 -2.584149440657085517e+00 -2.583878218994070330e+00 -5.478732222560139142e+00 -4.490691929005719452e+00
0.000000000000000000e+00 0.000000000000000000e+00 0.000000000000000000e+00 0.000000000000000000e+00 0.000000000000000000e+00 0.000000000000000000e+00
-2.566259773608930761e+00 -2.565327957167624184e+00 -2.566315339350806912e+00 -2.565712376304073672e+00 -5.341551429685438279e+00 -4.535664191543993695e+00
-2.448377409597476628e+00 -2.448127857899006443e+00 -2.447950705261740634e+00 -2.448336153113741975e+00 -3.112110306562172468e+00 -3.633625610317717136e+00
-2.300667035949698569e+00 -2.306134915197219026e+00 -2.300003242420843197e+00 -2.251540281139002175e+00 -3.275318239336546533e+00 -5.293086890643730058e+00
-2.477730321571760541e+00 -2.478858452789221456e+00 -2.481193939537349458e+00 -2.472628970694349615e+00 -4.612449211309630925e+00 -2.626285744648276133e+00
0.000000000000000000e+00 0.000000000000000000e+00 0.000000000000000000e+00 0.000000000000000000e+00 0.000000000000000000e+00 0.000000000000000000e+00
-1.349573412352874646e+00 -1.353000869241360204e+00 -1.353951229881073859e+00 -8.335124732832633887e-01 -1.381282000000000121e+00 -1.381282000000000121e+00
-1.438916519320000420e-01 2.290874679249048285e+01 -2.043036520000000578e-01 -2.549761900000000470e-01 -7.000000000000000666e-01 -7.000000000000000666e-01
-1.802314753154780957e+00 -1.804090724328611728e+00 -1.800958952822007353e+00 -1.693392804227638715e+00 -2.044346519320000333e+00 -1.983376149134756794e+00
-9.648546683831409343e-01 -1.015224301747405189e+00 -9.990054569136980200e-01 5.401007238134869937e+00 -4.357982188725311623e+00 -1.359716346048760016e+00
0.000000000000000000e+00 0.000000000000000000e+00 0.000000000000000000e+00 0.000000000000000000e+00 0.000000000000000000e+00 0.000000000000000000e+00
-2.297138266771568293e+00 -1.944327978855205696e+00 -2.296824138273604099e+00 -2.301616635007625700e+00 -2.608302336373855113e+00 -2.666532567311016066e+00
-2.084148528832705516e+00 -8.646510198786114820e-01 -2.078696366713494115e+00 -2.073996593769851682e+00 -2.642712663341241441e+00 -2.659348877606726003e+00
-2.363718734558207135e+00 -2.235266306582388562e+00 -2.362666582802159798e+00 -2.363340849881760963e+00 -4.050498666619213317e+00 -4.215576979060741358e+00
-2.501341669182952643e+00 -2.500089407651986839e+00 -2.498687831984940377e+00 -2.501582163631810740e+00 -3.232678989224994304e+00 -2.543750925303466914e+00
0.000000000000000000e+00 0.000000000000000000e+00 0.000000000000000000e+00 0.000000000000000000e+00 0.000000000000000000e+00 0.000000000000000000e+00
-2.552859421133443885e+00 -2.552017397467428950e+00 -2.552585229756147545e+00 -2.552014655663701781e+00 -3.175204492052996930e+00 -4.603403764076112736e+00
-2.465945406417631158e+00 -2.463194255540726907e+00 -2.462486574634671577e+00 -2.465571652837003747e+00 -2.671320692651768969e+00 -3.585695845043134433e+00
-7.251505721041758834e-01 -2.160127568264739395e+00 -2.112431294343681820e+00 -2.101630075126328823e+00 -3.069906503392461072e+00 -3.108753096984070652e+00
-2.341763065118311893e+00 -2.493460006520503036e+00 -2.492682972059097946e+00 -2.490906412583171026e+00 -3.718134746464970775e+00 -2.602949485285925846e+00
0.000000000000000000e+00 0.000000000000000000e+00 0.000000000000000000e+00 0.000000000000000000e+00 0.000000000000000000e+00 0.000000000000000000e+00
-2.171104817567266920e+00 -2.432219602306231909e+00 -2.423234464987459980e+00 -2.422370147998768264e+00 -3.660287923854166348e+00 -4.387251759657498695e+00
-2.530639655504455909e+00 -2.531610373096599087e+00 -2.522964244194035199e+00 -2.533416763413857797e+00 -4.148972452002535505e+00 -4.178106196609178369e+00
-2.434718763724111223e+00 -2.437788030469276723e+00 -2.377077115404438334e+00 -2.434382543346349514e+00 -4.085002389452201399e+00 -4.835493103933642622e+00
-2.537058199654953938e+00 -2.536184327246870041e+00 -2.521901650971563047e+00 -2.538040697963346304e+00 -2.655591724215375926e+00 -4.538906219989928381e+00
0.000000000000000000e+00 0.000000000000000000e+00 0.000000000000000000e+00 0.000000000000000000e+00 0.000000000000000000e+00 0.000000000000000000e+00
-3.477940523993619526e-01 1.837802093831278683e+01 -4.033680545056870237e-01 -3.315415779778623229e-01 -8.965742276500996422e-01 -1.171776766472775844e+00
-1.639120955505644961e+00 4.447742823371792498e-01 -1.636964605744790191e+00 -1.592096183409343668e+00 -2.570191506058537634e+00 -2.044346519320000333e+00
1.837802094237841644e+01 -7.649176631640935975e-02 -5.148142967274961235e-01 2.528469827429069561e-01 -1.978188645316156125e+00 -9.955129429532569851e-01
-1.320096045135147556e+00 -1.478533408340753086e+00 2.337822492777112071e+00 -1.294100496579641657e+00 -2.431738618964781384e+00 -2.970956474721830887e+00
0.000000000000000000e+00 0.000000000000000000e+00 0.000000000000000000e+00 0.000000000000000000e+00 0.000000000000000000e+00 0.000000000000000000e+00
-2.363891217763060215e+00 -2.190475659928869501e+00 -2.363935206329847993e+00 -2.357384021315672484e+00 -4.982448806256071450e+00 -2.624001181646838265e+00
-2.181200608465039270e+00 -1.448328461200421025e+00 -2.182563355757929369e+00 -2.168094939036238511e+00 -4.194405768932582212e+00 -3.092047450195188674e+00
-2.418675191308741201e+00 -2.357701520406238149e+00 -2.418301167321831091e+00 -2.414767245627568393e+00 -3.648362266952934085e+00 -3.807884387890744904e+00
-2.461176729311328693e+00 -2.455803835776581234e+00 -2.460114252863483397e+00 -2.462063495600492313e+00 -2.689680693393383670e+00 -4.503802537977913190e+00
0.000000000000000000e+00 0.000000000000000000e+00 0.000000000000000000e+00 0.000000000000000000e+00 0.000000000000000000e+00 0.000000000000000000e+00
-2.540513539190428993e+00 -2.539334938699883359e+00 -2.539587284174133153e+00 -2.540336749805189864e+00 -2.545701335170882373e+00 -2.589409636314807361e+00
-2.411051978141011798e+00 -2.410772157949983452e+00 -2.360077359775800243e+00 -2.414301961761035287e+00 -2.622971226012173140e+00 -3.572081274989952870e+00
-2.281750362676806532e+00 -2.283015892710836603e+00 -2.285345278195566099e+00 -1.448212175727743078e+00 -3.604847366993141566e+00 -4.126516020505691884e+00
-2.532870355780097782e+00 -2.533826065641256342e+00 -2.533129745531216503e+00 -2.447293126541838060e+00 -4.983983595280826684e+00 -8.034044415657721316e+00
0.000000000000000000e+00 0.000000000000000000e+00 0.000000000000000000e+00 0.000000000000000000e+00 0.000000000000000000e+00 0.000000000000000000e+00
-2.485144261869147275e+00 -2.484877920553492103e+00 -2.481203537372766998e+00 -2.341826749764008841e+00 -4.132885574888027769e+00 -4.487177754895053994e+00
-2.499104133638414105e+00 -2.498655586377420690e+00 -2.449538083821222845e+00 -2.498720515185159474e+00 -3.616317163752655439e+00 -4.567688609291489676e+00
-2.391079401047945918e+00 -2.393356814154231849e+00 -2.180885046023781193e+00 -2.390614867442987457e+00 -6.289497941159984506e+00 -5.375889189878519936e+00
-2.517630303411203307e+00 -2.518200217720621303e+00 -2.449056819093228476e+00 -2.519541809765902141e+00 -5.003594849604153794e+00 -2.630763693770854950e+00
0.000000000000000000e+00 0.000000000000000000e+00 0.000000000000000000e+00 0.000000000000000000e+00 0.000000000000000000e+00 0.000000000000000000e+00
-4.434342691619916899e-01 1.245728787451340303e+00 -4.806868835887900815e-01 -4.468158287204646584e-01 -1.356844426000000103e+00 -1.359594516112000218e+00
-1.273808247419549788e+00 -6.588743118158457701e-01 -1.267302550191494515e+00 -1.317184616031018329e+00 -1.381282000000000121e+00 -1.356975425932000157e+00
-8.386034124835876069e-01 -8.446572374467095079e-01 -5.897901125366755704e-01 1.035761694237000619e+01 -1.514029949570107059e+00 -1.681003178162995049e+00
-1.040423150657488804e+00 -1.037898845304996875e+00 5.401007270186756415e+00 -8.481235156717177315e-01 -1.381282000000000121e+00 -1.997193222462295470e+00
0.000000000000000000e+00 0.000000000000000000e+00 0.000000000000000000e+00 0.000000000000000000e+00 0.000000000000000000e+00 0.000000000000000000e+00
-2.417523394830665584e+00 -2.345452423214014370e+00 -2.419836753125777395e+00 -2.416635874072165180e+00 -2.533378732360000107e+00 -3.587124048320813774e+00
-2.269319636010143526e+00 -2.246478566993847181e+00 -2.262350856483072548e+00 -1.898838159245082702e+00 -2.681651490611236976e+00 -4.148717904550066393e+00
-2.470327962652543619e+00 -2.455149286840188516e+00 -2.466863208121293560e+00 -2.466384523604655321e+00 -4.125177091166444043e+00 -2.535814486227399911e+00
-2.406701182927786675e+00 -2.354693980233055761e+00 -2.407169491393083227e+00 -2.408039248513691888e+00 -4.573857611629529529e+00 -3.155699804461084224e+00
0.000000000000000000e+00 0.000000000000000000e+00 0.000000000000000000e+00 0.000000000000000000e+00 0.000000000000000000e+00 0.000000000000000000e+00
-2.513434861192534342e+00 -2.511562930170105457e+00 -2.511819720486095697e+00 -2.514390765837559716e+00 -4.912916147213301166e+00 -3.191032086911404164e+00
-2.349642030234964984e+00 -2.174237601413556042e+00 -2.342266501648387678e+00 -2.343736499136287232e+00 -2.587345437161903572e+00 -2.662921176251370259e+00
-2.366140639621563402e+00 -2.370802633245217894e+00 -2.367996496383609095e+00 -1.895485871888674234e+00 -4.672216770500535965e+00 -2.604115061799999964e+00
-2.555792651916539704e+00 -2.554799984664837265e+00 -2.556090357314970252e+00 -2.512807088833960201e+00 -4.850447936574298069e+00 -7.383905285532862628e+00
0.000000000000000000e+00 0.000000000000000000e+00 0.000000000000000000e+00 0.000000000000000000e+00 0.000000000000000000e+00 0.000000000000000000e+00
-2.519014881318313304e+00 -2.517603180774813154e+00 -2.519273100574440871e+00 -2.447961708628496158e+00 -4.493711208386521605e+00 -2.676826879408480409e+00
-2.453771692539523652e+00 -2.451959088404275899e+00 -2.341839658810128899e+00 -2.452749888449303750e+00 -4.575919690662355599e+00 -3.234525930428333140e+00
-2.332801124146075544e+00 -2.329734962117394392e+00 -1.895086768761382157e+00 -2.323370297014923036e+00 -3.675020840747502682e+00 -3.114652289592413581e+00
-2.491699289103466164e+00 -2.493100054945673882e+00 -2.341838966737129990e+00 -2.488388867385671777e+00 -3.256294820317041427e+00 -6.145823856357887749e+00
0.000000000000000000e+00 0.000000000000000000e+00 0.000000000000000000e+00 0.000000000000000000e+00 0.000000000000000000e+00 0.000000000000000000e+00
-7.323741086752907359e-01 -4.252592197502240712e-01 -7.423337844132249508e-01 -7.244170742891742343e-01 -1.381282000000000121e+00 -1.965090652000000215e+00
-9.284965069986876873e-01 7.353752323180018369e-02 -9.168545048498502048e-01 -9.052522961165206938e-01 -1.381282000000000121e+00 -2.565837554068525428e+00
-1.203832767734335008e+00 -1.200830876621908683e+00 -8.699043328112567863e-01 5.401007270357413681e+00 -1.750956233086822689e+00 -1.736189731998752039e+00
-7.093351926970334898e-01 -7.864403282293140895e-01 1.035761694224706631e+01 -3.187210540050031682e-01 -1.508359683437321852e+00 -1.096191682794552591e+00
0.000000000000000000e+00 0.000000000000000000e+00 0.000000000000000000e+00 0.000000000000000000e+00 0.000000000000000000e+00 0.000000000000000000e+00
-2.478182887140071511e+00 -2.469570018197794870e+00 -2.473190957708935045e+00 -2.456892883459233623e+00 -3.291791564871992648e+00 -3.048960733000000367e+00
-2.349174875900773785e+00 -2.348907738866440109e+00 -2.348786189273445846e+00 -2.193425461802285703e+00 -2.587542453058940595e+00 -4.038206998537178904e+00
-2.511130571428330072e+00 -2.510498159681889607e+00 -2.511497305631030574e+00 -2.510223678550190574e+00 -4.032331359328425791e+00 -3.743879976952087851e+00
-2.330475032898347454e+00 -2.211419475109924093e+00 -2.332441191906317268e+00 -2.333627473226697280e+00 -3.647512194655156748e+00 -2.617642239382693692e+00
0.000000000000000000e+00 0.000000000000000000e+00 0.000000000000000000e+00 0.000000000000000000e+00 0.000000000000000000e+00 0.000000000000000000e+00
-2.462192459558459667e+00 -2.452330685038912605e+00 -2.461263074095339842e+00 -2.463825580891268796e+00 -3.589837299766231560e+00 -4.120525249947312396e+00
-2.256617256014309625e+00 -1.951143007244003913e+00 -2.249462567508128341e+00 -2.252058813379743007e+00 -4.290840846752205451e+00 -3.235582905081035410e+00
-2.429150626527678103e+00 -2.430139974530909353e+00 -2.429168083492613039e+00 -2.174848379469430881e+00 -4.588682258100678091e+00 -5.284257349483704402e+00
-2.572253199307867888e+00 -2.572061766242884406e+00 -2.572195175965654723e+00 -2.554673859816545711e+00 -7.071852306841224234e+00 -5.384165398160279281e+00
0.000000000000000000e+00 0.000000000000000000e+00 0.000000000000000000e+00 0.000000000000000000e+00 0.000000000000000000e+00 0.000000000000000000e+00
-2.544801023813476171e+00 -2.544792228142038759e+00 -2.543795201011905149e+00 -2.517395218322247885e+00 -2.584030158483960005e+00 -3.703865357179846107e+00
-2.171087570512261422e+00 -2.383493494731417695e+00 -2.385418909682213151e+00 -2.380691804688128244e+00 -3.651607327729042396e+00 -3.114020617126318502e+00
-1.448141667424709400e+00 -2.216542941936805455e+00 -2.211699162838864918e+00 -2.212677577503848969e+00 -3.585460526311411211e+00 -5.059954415762842217e+00
-2.171087242340642209e+00 -2.438070314065718502e+00 -2.436334531996223074e+00 -2.438772868172118358e+00 -3.259170718755555196e+00 -4.091951814782252228e+00
0.000000000000000000e+00 0.000000000000000000e+00 0.000000000000000000e+00 0.000000000000000000e+00 0.000000000000000000e+00 0.000000000000000000e+00
-1.167202245178859954e+00 2.337822488692910206e+00 -1.196265981593430672e+00 -1.163531961507421997e+00 -1.885165584360274149e+00 -2.927125537073462791e+00
-5.886411480862047130e-01 1.035761694096088270e+01 -3.099110182925284285e-01 -6.010187326649903961e-01 -2.086873689959586553e+00 -7.000000000000000666e-01
-1.539065626338881110e+00 -1.480465168561628131e+00 -1.550879042757448367e+00 2.337822493043501204e+00 -2.439951917719826113e+00 -3.684772925057000936e+00
1.837802094228888805e+01 1.322171897199475366e+00 -5.004187331861873478e-01 -4.938432513651103140e-02 -1.040405700055630156e+00 -4.230558233422150316e-01
0.000000000000000000e+00 0.000000000000000000e+00 0.000000000000000000e+00 0.000000000000000000e+00 0.000000000000000000e+00 0.000000000000000000e+00
-2.504637524883072341e+00 -2.502737850010020804e+00 -2.501469762898052007e+00 -2.501008581141628273e+00 -2.679524610130344264e+00 -2.686529029710751360e+00
-2.397657827662509789e+00 -2.398576257746155793e+00 -2.401089558035882643e+00 -2.384922718898092597e+00 -4.149889442030158193e+00 -2.571951283105182728e+00
-2.529141718720382404e+00 -2.527398224421073536e+00 -2.526927917103459986e+00 -2.527076187337331081e+00 -5.413487179774873148e+00 -2.632529856498556420e+00
-2.279216335677642924e+00 -1.925097581218423004e+00 -2.274521773287345727e+00 -2.270760116942955875e+00 -2.666532567311016066e+00 -4.934149293868017594e+00
0.000000000000000000e+00 0.000000000000000000e+00 0.000000000000000000e+00 0.000000000000000000e+00 0.000000000000000000e+00 0.000000000000000000e+00
-2.416984816507156353e+00 -2.361738693045453363e+00 -2.417930874543583464e+00 -2.417207543004377790e+00 -2.676985370669508590e+00 -4.553139269352923790e+00
-2.187218026737182797e+00 -1.591730161779817854e+00 -2.187976909263674941e+00 -2.186790993813094719e+00 -3.084575078819535854e+00 -3.638110475807800448e+00
-2.458609072321542133e+00 -2.459443873120187085e+00 -2.458802282530605954e+00 -2.383643017036978229e+00 -3.598609815539410839e+00 -3.666514124497318949e+00
-2.581945738146112390e+00 -2.581147847269146034e+00 -2.581593376661981853e+00 -2.580439070383979683e+00 -5.787455414565335410e+00 -3.744824799416408112e+00
0.000000000000000000e+00 0.000000000000000000e+00 0.000000000000000000e+00 0.000000000000000000e+00 0.000000000000000000e+00 0.000000000000000000e+00
-2.561268493720618711e+00 -2.560784173971553557e+00 -2.560125493011901288e+00 -2.558957467732954516e+00 -3.609912640949886509e+00 -4.578644808204177075e+00
-2.385076760740856727e+00 -2.387006421639497944e+00 -2.389194337692046144e+00 -2.356680701387854349e+00 -4.939643580823629421e+00 -3.077640209699958440e+00
-2.217427468253532652e+00 -2.216680823129545619e+00 -2.224834651475483316e+00 -2.027394576980313001e+00 -2.610969905135583247e+00 -2.687742400706221613e+00
-2.440231682773348787e+00 -2.442838068122261674e+00 -2.443258289074152323e+00 -2.382229043005517966e+00 -2.548785973817605743e+00 -4.199919747582621099e+00
0.000000000000000000e+00 0.000000000000000000e+00 0.000000000000000000e+00 0.000000000000000000e+00 0.000000000000000000e+00 0.000000000000000000e+00
-1.426362479340305800e+00 -1.381022672106487770e+00 -1.389216178267233648e+00 -1.221840685776854674e+00 -2.017821485932000058e+00 -3.064880397080320229e+00
-4.086170840620932387e-01 4.946624685106166375e+00 -3.929041765841669309e-01 -4.026191479644846138e-01 -1.354028200000000126e+00 -1.354028200000000126e+00
-1.721533896674942277e+00 -1.712854046050877876e+00 -1.708175289675228026e+00 -1.552228235561922798e+00 -1.956430000000000113e+00 -2.044346519320000333e+00
-5.724346627974608026e-01 -6.108617809333340976e-01 -6.144360087894321643e-01 1.215666233462437518e+00 -1.354028200000000126e+00 -1.362967392778730691e+00
0.000000000000000000e+00 0.000000000000000000e+00 0.000000000000000000e+00 0.000000000000000000e+00 0.000000000000000000e+00 0.000000000000000000e+00
-2.346771427905165019e+00 -2.277221771818152884e+00 -2.348283704879297051e+00 -2.341312466015876836e+00 -3.210277853445122620e+00 -2.677081946431366433e+00
-2.156130614271758450e+00 -1.799121231253077546e+00 -2.155737925280371670e+00 -2.166964957223931787e+00 -2.569741450945912664e+00 -3.624014017220418271e+00
-2.412883550647824560e+00 -2.406739468054445386e+00 -2.417428772747244548e+00 -2.412898668333095742e+00 -2.558721788804175112e+00 -2.623492444508628729e+00
-2.526443777703153426e+00 -2.526677213927458254e+00 -2.525974438066501015e+00 -2.526768794532603390e+00 -4.865885010117867893e+00 -4.686233409511862291e+00
0.000000000000000000e+00 0.000000000000000000e+00 0.000000000000000000e+00 0.000000000000000000e+00 0.000000000000000000e+00 0.000000000000000000e+00
-2.560975854601699186e+00 -2.561962779527341638e+00 -2.561881232348008020e+00 -2.561467632385435511e+00 -3.077787326370560184e+00 -3.173162478701887057e+00
-2.511625588688943367e+00 -2.510943998918933939e+00 -2.510272354955921159e+00 -2.512583163863506996e+00 -3.616762288913317303e+00 -2.599243965873945239e+00
4.447688978670903404e-01 -1.936401112960356663e+00 -1.856503344981454529e+00 -1.901491697246402879e+00 -3.075844136437836163e+00 -2.033652483995269655e+00
-2.171089762911982302e+00 -2.420991956940907297e+00 -2.423115435221833813e+00 -2.423636544871507148e+00 -4.194473175422542610e+00 -5.587373212978947734e+00
0.000000000000000000e+00 0.000000000000000000e+00 0.000000000000000000e+00 0.000000000000000000e+00 0.000000000000000000e+00 0.000000000000000000e+00
-1.894952019335497173e+00 -2.331472480057189767e+00 -2.325788813045961856e+00 -2.320349673896414888e+00 -3.236873203002914590e+00 -3.151048480257276019e+00
-2.554822153467927848e+00 -2.554761483924786525e+00 -2.555285437300544249e+00 -2.555360598075491207e+00 -5.467754589875080562e+00 -3.715194790030680760e+00
-2.478218182901270605e+00 -2.476599918547765622e+00 -2.477555398615390203e+00 -2.477591631129687499e+00 -3.629898261386895086e+00 -3.675458762313717820e+00
-2.555506199020506131e+00 -2.554839757129121480e+00 -2.555390852016674152e+00 -2.555567780667486577e+00 -2.561429396017359750e+00 -5.403434822492979350e+00
0.000000000000000000e+00 0.000000000000000000e+00 0.000000000000000000e+00 0.000000000000000000e+00 0.000000000000000000e+00 0.000000000000000000e+00
-7.797992469182006836e-01 1.035761689466562885e+01 -7.664388010162604958e-01 -7.774019653332573387e-01 -2.074226908552744497e+00 -2.417551092798011947e+00
-1.955944234860515829e+00 -7.251296626018888247e-01 -1.942213441945102925e+00 -1.906796519091826125e+00 -2.044346519320000333e+00 -2.564815101026724165e+00
3.135602094237838600e+01 6.422220768171783556e-01 3.437838859322122076e+00 1.154032143336109595e+00 5.441271915509582335e-03 1.699487158374202167e-03
-1.735631106180957950e+00 4.447742727692188258e-01 -1.732498682429312487e+00 -1.731198572975361616e+00 -3.681780634981990374e+00 -2.516626513321666980e+00
0.000000000000000000e+00 0.000000000000000000e+00 0.000000000000000000e+00 0.000000000000000000e+00 0.000000000000000000e+00 0.000000000000000000e+00
-2.418594673545156226e+00 -2.383637824228165059e+00 -2.417222499598157714e+00 -2.417985718421248542e+00 -2.612544127965520158e+00 -2.620867615758185831e+00
-2.270665812028776820e+00 -1.983269219755937396e+00 -2.264218003322311823e+00 -2.264174493057060644e+00 -3.672652521663008152e+00 -5.697433253170931522e+00
-2.471171217171320933e+00 -2.466388926847117524e+00 -2.473598522299380154e+00 -2.471487058929580982e+00 -3.582403894686088108e+00 -3.302924822146635186e+00
-2.481207486816332963e+00 -2.483723106363484590e+00 -2.483364412124723142e+00 -2.484610314664692510e+00 -2.609803207848759854e+00 -4.043637085333930514e+00
0.000000000000000000e+00 0.000000000000000000e+00 0.000000000000000000e+00 0.000000000000000000e+00 0.000000000000000000e+00 0.000000000000000000e+00
-2.550638626400865583e+00 -2.551341691983346927e+00 -2.550818791710828037e+00 -2.550128279957287525e+00 -2.689680693393383670e+00 -3.106598329452382679e+00
-2.449763684002745467e+00 -2.446339252930235464e+00 -2.446752924800801754e+00 -2.447337014305531522e+00 -3.276418128612185399e+00 -3.226597135692384377e+00
-2.339815366183158218e+00 -1.988135956492910417e+00 -2.338417388997032109e+00 -2.335271219397816012e+00 -3.125110701700323013e+00 -4.026566568245990574e+00
-2.550961283922221767e+00 -2.524405308130557746e+00 -2.549311922523805674e+00 -2.549848336674314986e+00 -3.661077973494373694e+00 -6.068676880766719073e+00
0.000000000000000000e+00 0.000000000000000000e+00 0.000000000000000000e+00 0.000000000000000000e+00 0.000000000000000000e+00 0.000000000000000000e+00
-2.511101813349487788e+00 -2.470055093916913691e+00 -2.512386223925869189e+00 -2.510842258843559271e+00 -4.494512354275587818e+00 -4.083172039402586329e+00
-2.514452540934188907e+00 -2.512554093725157589e+00 -2.512906284743564811e+00 -2.513767663497977534e+00 -3.113638346652704669e+00 -3.116853694154070986e+00
-2.416635939545457301e+00 -2.387906877196657618e+00 -2.411792703679530359e+00 -2.411374943374824831e+00 -4.052928012913555200e+00 -3.662094108253415747e+00
-2.532378936162688277e+00 -2.526580160929798424e+00 -2.531234043185470295e+00 -2.531347731667989542e+00 -2.689680693393383670e+00 -5.438005128720586612e+00
0.000000000000000000e+00 0.000000000000000000e+00 0.000000000000000000e+00 0.000000000000000000e+00 0.000000000000000000e+00 0.000000000000000000e+00
-4.995499812173279097e-01 -5.086758400851468798e-01 -5.187666833494699592e-01 -5.103007985508586364e-01 -7.000000000000000666e-01 -7.000000000000000666e-01
-1.149439676688342793e+00 -1.148856084159039836e+00 -1.127454603901731911e+00 -1.135857088320521013e+00 -1.356844426000000103e+00 -1.351000000000000201e+00
-9.037582758255471305e-01 -2.704749882784646120e-02 -8.980446583628491908e-01 -8.745105720887422773e-01 -1.381282000000000121e+00 -1.381282000000000121e+00
-8.571526763947913130e-01 -8.862088780191813564e-01 -8.636571227088610803e-01 -8.745105720887422773e-01 -1.381282000000000121e+00 -1.367566721667957896e+00
0.000000000000000000e+00 0.000000000000000000e+00 0.000000000000000000e+00 0.000000000000000000e+00 0.000000000000000000e+00 0.000000000000000000e+00
-2.444470925905934511e+00 -2.442024466585866360e+00 -2.443436909484363095e+00 -2.441525925968490274e+00 -2.659647121861811847e+00 -2.683113643841242180e+00
-2.314504468035903262e+00 -2.241742948806839664e+00 -2.310023604694149579e+00 -2.306581033709132811e+00 -3.640657205962508858e+00 -6.035769939247566107e+00
-2.492682423760320454e+00 -2.491307354502199534e+00 -2.491472982349347998e+00 -2.489512620267018139e+00 -2.674250580453438886e+00 -3.677943111965089162e+00
-2.463005847819648597e+00 -2.460524478304940921e+00 -2.465610558948408748e+00 -2.466069484510968302e+00 -4.127056735163693091e+00 -5.310556577743505535e+00
0.000000000000000000e+00 0.000000000000000000e+00 0.000000000000000000e+00 0.000000000000000000e+00 0.000000000000000000e+00 0.000000000000000000e+00
-2.541611664700036410e+00 -2.542203102443197249e+00 -2.542629674490591185e+00 -2.541845602880711485e+00 -4.115745956038512787e+00 -3.309813124173438759e+00
-2.414481366215850411e+00 -2.370502907818028415e+00 -2.417930742870083360e+00 -2.416508324869071522e+00 -4.283519325286977875e+00 -5.301153289345666764e+00
-2.362922507421390428e+00 -2.276247184960761505e+00 -2.368930199851111418e+00 -2.365785007966266118e+00 -2.549194758514394810e+00 -3.080022294401969507e+00
-2.558768371028403266e+00 -2.557296112737212468e+00 -2.558455148991801487e+00 -2.558837284976155146e+00 -4.995510464217070457e+00 -5.007338144773933131e+00
0.000000000000000000e+00 0.000000000000000000e+00 0.000000000000000000e+00 0.000000000000000000e+00 0.000000000000000000e+00 0.000000000000000000e+00
-2.527487576442781769e+00 -2.521205689444111275e+00 -2.526585905491687711e+00 -2.526027195089062705e+00 -3.132158583529215612e+00 -2.650177573006476273e+00
-2.490019561006250548e+00 -2.457494115066331641e+00 -2.491726558988448748e+00 -2.491135178827585506e+00 -4.130999531468201980e+00 -3.294613674542988591e+00
-2.390395918521718510e+00 -2.203145717831413108e+00 -2.383212673949619553e+00 -2.388583498261381610e+00 -3.657564671510090459e+00 -2.660996522287600197e+00
-2.521543779334236568e+00 -2.467225032983014543e+00 -2.518926489068175734e+00 -2.519357034426441988e+00 -4.875468165641261287e+00 -3.120234571826761005e+00
0.000000000000000000e+00 0.000000000000000000e+00 0.000000000000000000e+00 0.000000000000000000e+00 0.000000000000000000e+00 0.000000000000000000e+00
-6.105190010398288125e-01 -5.869315383093649530e-01 -5.666553551976086789e-01 -6.034561880816150525e-01 -1.359716346048760016e+00 -7.000000000000000666e-01
-1.049064329337825008e+00 -1.062836605391572986e+00 -1.053333114576829432e+00 -1.045888831509425909e+00 -1.381282000000000121e+00 -3.108674485606002680e+00
-1.017404124591231973e+00 -7.780996756697763361e-01 -1.053541445954249811e+00 -1.027452159864262971e+00 -1.354028200000000126e+00 -2.003387919514006743e+00
-8.051180678383803579e-01 -7.703090988997245425e-01 -7.774019653332573387e-01 -7.832365716695367519e-01 -1.362279596909978352e+00 -1.381282000000000121e+00
0.000000000000000000e+00 0.000000000000000000e+00 0.000000000000000000e+00 0.000000000000000000e+00 0.000000000000000000e+00 0.000000000000000000e+00
-2.518315373724878459e+00 -2.515739901713997195e+00 -2.517444040690968166e+00 -2.516549516176041834e+00 -2.666532567311016066e+00 -3.832277434513541969e+00
-2.415017619997720910e+00 -2.387624809360544109e+00 -2.416968966768121785e+00 -2.416822246331089552e+00 -4.962290374593592901e+00 -2.533115923566332750e+00
-2.539873897835753347e+00 -2.538467580239863075e+00 -2.538240499967455044e+00 -2.538229110355063156e+00 -3.673401813192567644e+00 -3.684274447258998997e+00
-2.376615856389431958e+00 -2.370756433761111559e+00 -2.372131959444529592e+00 -2.374609027246619597e+00 -4.508556679091747732e+00 -2.640536389028739883e+00
0.000000000000000000e+00 0.000000000000000000e+00 0.000000000000000000e+00 0.000000000000000000e+00 0.000000000000000000e+00 0.000000000000000000e+00
-2.486430680917377511e+00 -2.485184014185406909e+00 -2.484506025330185164e+00 -2.484641061608937829e+00 -3.285055858009061414e+00 -2.639966870590449322e+00
-2.296047828592952644e+00 -2.258964279944122300e+00 -2.291858820197981039e+00 -2.293041771383699690e+00 -2.689680693393383670e+00 -2.568705527579474346e+00
-2.467178003168148503e+00 -2.385770419025860622e+00 -2.467057111099717925e+00 -2.469822979060394275e+00 -3.676899380717215227e+00 -4.007876816248895580e+00
-2.583138741246805647e+00 -2.581956339927938160e+00 -2.582765152140898302e+00 -2.583477237427372231e+00 -2.605825071197723997e+00 -3.199116450282930124e+00
0.000000000000000000e+00 0.000000000000000000e+00 0.000000000000000000e+00 0.000000000000000000e+00 0.000000000000000000e+00 0.000000000000000000e+00
-2.560372322714834947e+00 -2.559293633168588045e+00 -2.560529961175958213e+00 -2.560353955205305176e+00 -2.586068226512108659e+00 -4.484719179843965620e+00
-1.894947823814490562e+00 -2.268229104289921416e+00 -2.272992487731746003e+00 -2.265339304736610604e+00 -3.157568787979322167e+00 -3.574711108344121868e+00
-7.251314967080717544e-01 -2.039834992043052520e+00 -2.044974968993921838e+00 -2.042201983784830421e+00 -4.078181538685702101e+00 -2.574681367298536472e+00
-1.894946870191673405e+00 -2.351523208457547476e+00 -2.357575680400102236e+00 -2.336555199053574228e+00 -3.283490521226572589e+00 -3.157271833247883741e+00
0.000000000000000000e+00 0.000000000000000000e+00 0.000000000000000000e+00 0.000000000000000000e+00 0.000000000000000000e+00 0.000000000000000000e+00
-1.512865662484455642e+00 4.447742579534962326e-01 -1.573131724321623626e+00 -1.542396312719410245e+00 -2.043730066719522398e+00 -4.415536110491085076e+00
-9.158482618385703766e-01 5.401007255618897496e+00 -9.189457240481360145e-01 -9.211261593910893275e-01 -2.519479900000000328e+00 -1.750947493711306757e+00
-1.797583959475074655e+00 4.447742939304302201e-01 -1.797851922428614246e+00 -1.801171052160484010e+00 -2.588217886712270488e+00 -2.582341558638955092e+00
3.135602094228889314e+01 -2.071812391058183711e-01 -2.518263852700874939e-01 3.431054327683285443e+00 5.461463472688832255e-03 -1.354028200000000126e+00
0.000000000000000000e+00 0.000000000000000000e+00 0.000000000000000000e+00 0.000000000000000000e+00 0.000000000000000000e+00 0.000000000000000000e+00
-2.525943898799604348e+00 -2.525048199209996014e+00 -2.526841741095716909e+00 -2.526895197825580475e+00 -4.253775706143179569e+00 -3.147848085587766853e+00
-2.444521307355395745e+00 -2.441607505893262697e+00 -2.443380580608841335e+00 -2.441315166054022878e+00 -4.947261316421702304e+00 -3.841072508770880134e+00
-2.543689008647127991e+00 -2.541711495249518116e+00 -2.542548767538687304e+00 -2.542745955713060724e+00 -3.134349377336964171e+00 -2.637845790257014489e+00
-2.341000451604640098e+00 -2.248589152909227007e+00 -2.341698860100621449e+00 -2.341079681309333083e+00 -3.077012542516414761e+00 -3.175946137254232582e+00
0.000000000000000000e+00 0.000000000000000000e+00 0.000000000000000000e+00 0.000000000000000000e+00 0.000000000000000000e+00 0.000000000000000000e+00
-2.469379037825360612e+00 -2.464260605001833415e+00 -2.468301231913221816e+00 -2.468040833628350139e+00 -4.048369779060132068e+00 -2.689680693393383670e+00
-2.254376652015725568e+00 -2.118827838371238226e+00 -2.253695617065138990e+00 -2.258402312913535326e+00 -3.210272126434857487e+00 -3.181661047436945999e+00
-2.484781490515763913e+00 -2.483270154439158883e+00 -2.484595984924745871e+00 -2.483795275429469207e+00 -4.097557435964456651e+00 -4.136638717069060611e+00
-2.586373941863530312e+00 -2.586725850635152035e+00 -2.586219709586952131e+00 -2.586803964469993389e+00 -3.688677598038699657e+00 -4.121637740024979735e+00
0.000000000000000000e+00 0.000000000000000000e+00 0.000000000000000000e+00 0.000000000000000000e+00 0.000000000000000000e+00 0.000000000000000000e+00
-2.567627202566999500e+00 -2.567804104737148485e+00 -2.567534234376588564e+00 -2.567455335938932937e+00 -4.995132980789784405e+00 -4.256385506802897289e+00
-2.308574936412090661e+00 -2.315573788530846056e+00 -2.309803131310417701e+00 -2.261654747369710616e+00 -2.593104982911923262e+00 -3.220116699402412408e+00
-2.099406241230945547e+00 -2.095215627938859182e+00 -2.101198752791435087e+00 -1.679043515517864904e+00 -3.118011062537214162e+00 -3.712525938904394529e+00
-2.387537273228388823e+00 -2.391662163589120649e+00 -2.388864775507623772e+00 -2.259315964474112981e+00 -3.115755195802375255e+00 -2.616576210984733919e+00
0.000000000000000000e+00 0.000000000000000000e+00 0.000000000000000000e+00 0.000000000000000000e+00 0.000000000000000000e+00 0.000000000000000000e+00
-1.589794679785706766e+00 -1.597673026382419037e+00 -1.604012802978326047e+00 -1.581155938693737051e+00 -2.044346519320000333e+00 -2.542062199307774772e+00
-7.167474258285871924e-01 -1.571943993297785780e-01 -7.268376028330120198e-01 -6.953424720455938512e-01 -7.000000000000000666e-01 -7.000000000000000666e-01
-1.850899252053303634e+00 -1.830619891214884776e+00 -1.844700469700611078e+00 -1.832888685735160283e+00 -2.637291109619656293e+00 -2.044346519320000333e+00
-3.182104630600000039e-01 -2.694725288954904485e-01 -2.660996522287600308e-01 1.289075710818973430e+00 -7.000000000000000666e-01 -7.000000000000000666e-01
0.000000000000000000e+00 0.000000000000000000e+00 0.000000000000000000e+00 0.000000000000000000e+00 0.000000000000000000e+00 0.000000000000000000e+00
-2.395059427794661744e+00 -2.391993942801252437e+00 -2.395577009808814495e+00 -2.395296165715289582e+00 -3.249507152462067339e+00 -3.273792377282537025e+00
-2.211220995674910039e+00 -2.198843176045224279e+00 -2.213914831809922656e+00 -2.212951776259838077e+00 -3.139890039520675913e+00 -4.908353718564368862e+00
-2.452373392273583530e+00 -2.452006115420200416e+00 -2.452572257435851721e+00 -2.452851338952998450e+00 -2.655824921622207846e+00 -3.305786955757527679e+00
-2.537568255218224600e+00 -2.538123972308456988e+00 -2.538462301240723917e+00 -2.537701127457259176e+00 -3.102979528972158008e+00 -3.306463912131344163e+00
0.000000000000000000e+00 0.000000000000000000e+00 0.000000000000000000e+00 0.000000000000000000e+00 0.000000000000000000e+00 0.000000000000000000e+00
-2.566382066143067409e+00 -2.566664759910105342e+00 -2.565912439364919528e+00 -2.566131886957221830e+00 -4.890799298901841397e+00 -4.415714475398359262e+00
-2.529381971153024100e+00 -2.529728557463617467e+00 -2.528988686504223260e+00 -2.529373124865823996e+00 -3.227814091629353399e+00 -3.117336135854046120e+00
-1.644416220130163753e+00 -1.589744681709232443e+00 -1.631121500626685705e+00 -1.483706264567773436e+00 2.337821121750145892e+00 -2.649931838042418164e+00
-2.296224669228329685e+00 -2.326397573819348086e+00 -2.314467276741201562e+00 -2.317091710031604634e+00 -1.894948159436965263e+00 -4.221110319349442364e+00
0.000000000000000000e+00 0.000000000000000000e+00 0.000000000000000000e+00 0.000000000000000000e+00 0.000000000000000000e+00 0.000000000000000000e+00
-2.191391669698347311e+00 -2.201621172766603962e+00 -2.190216339632227172e+00 -2.170708656928983959e+00 -1.448131714923131197e+00 -2.604115061799999964e+00
-2.565802602584621006e+00 -2.565513025131178182e+00 -2.564955391926064809e+00 -2.564895263999489305e+00 -3.772742694633450800e+00 -3.667898663099563805e+00
-2.500996177275186305e+00 -2.501399395954628346e+00 -2.501759644934665072e+00 -2.501152713525060634e+00 -3.199056645398610677e+00 -2.642214977788325925e+00
-2.564952033536434861e+00 -2.564870802083111467e+00 -2.564780949966813939e+00 -2.564904827893677020e+00 -4.247590958013351070e+00 -3.263968924086500856e+00
0.000000000000000000e+00 0.000000000000000000e+00 0.000000000000000000e+00 0.000000000000000000e+00 0.000000000000000000e+00 0.000000000000000000e+00
-9.660037776238001861e-01 5.401006963415245998e+00 -1.210983594482896608e+00 -1.212624813820697867e+00 -1.728362058200422657e+00 -1.250883029890500930e+00
-2.163663028630949281e+00 -1.448131006856921754e+00 -2.158497596940840424e+00 -2.165038550649168503e+00 -3.735162949783952691e+00 -2.196417832176726037e+00
2.128004916670353186e+00 2.775382825515920082e+00 6.018914173861849903e+00 3.549382133340575507e+00 1.851776571526162041e+00 5.235602094237837889e+01
-1.955773942926331888e+00 -7.251297834215366667e-01 -1.993137430038556923e+00 -1.994343427665710822e+00 -2.014874260000000028e+00 -1.991214292495249394e+00
0.000000000000000000e+00 0.000000000000000000e+00 0.000000000000000000e+00 0.000000000000000000e+00 0.000000000000000000e+00 0.000000000000000000e+00
-2.461024615162501039e+00 -2.459001696546283533e+00 -2.457904785602590181e+00 -2.461563395942708343e+00 -2.677063321467656021e+00 -2.635853356142825454e+00
-2.333313906149438566e+00 -2.292628973300200990e+00 -2.330604547615240829e+00 -2.332675959234182805e+00 -4.442863381954608393e+00 -4.896294522416931194e+00
-2.493584014384909064e+00 -2.493633849970423366e+00 -2.494256184213008876e+00 -2.491763351740066579e+00 -3.225152636451976029e+00 -3.559562879083930653e+00
-2.501724537091911227e+00 -2.500723023247362953e+00 -2.503205092205445847e+00 -2.501426531079764981e+00 -3.554457081908734661e+00 -2.617728500503338829e+00
0.000000000000000000e+00 0.000000000000000000e+00 0.000000000000000000e+00 0.000000000000000000e+00 0.000000000000000000e+00 0.000000000000000000e+00
-2.552669246813842552e+00 -2.553911352581819116e+00 -2.552814853821423924e+00 -2.553377879201110368e+00 -4.148579998193870466e+00 -5.213836713803318368e+00
-2.470303721894593352e+00 -2.468585521870503285e+00 -2.471458702447456357e+00 -2.469098065821758503e+00 -4.448314360674214818e+00 -4.980851754717138036e+00
-2.372909706188575996e+00 -2.331894536131148055e+00 -2.372663940078634681e+00 -2.371618178304392366e+00 -2.543841215571679637e+00 -3.731129523527551228e+00
-2.561203818970962498e+00 -2.559836803871439415e+00 -2.560297340386236353e+00 -2.560333799388406550e+00 -4.548126616931347677e+00 -5.059929147232204549e+00
0.000000000000000000e+00 0.000000000000000000e+00 0.000000000000000000e+00 0.000000000000000000e+00 0.000000000000000000e+00 0.000000000000000000e+00
-2.529075734854035140e+00 -2.527736516269476486e+00 -2.528323319303536376e+00 -2.529348266566624481e+00 -2.661954470261799877e+00 -2.617980210499122773e+00
-2.531466330907262918e+00 -2.531668723037137525e+00 -2.530358398087241056e+00 -2.531190128210165202e+00 -4.080848403669966373e+00 -5.423504270979172759e+00
-2.438277380360290625e+00 -2.439117709884955243e+00 -2.440362101304323517e+00 -2.438719097224693932e+00 -2.650243950165694695e+00 -3.171653844128269117e+00
-2.540567143186339916e+00 -2.541999412291784388e+00 -2.541194290171056025e+00 -2.542306155074302243e+00 -2.666656655035219980e+00 -2.632293858851884050e+00
0.000000000000000000e+00 0.000000000000000000e+00 0.000000000000000000e+00 0.000000000000000000e+00 0.000000000000000000e+00 0.000000000000000000e+00
-5.666553551976086789e-01 -5.643347110828297319e-01 -5.642399428793458682e-01 -5.103007985508586364e-01 -1.356975425932000157e+00 -7.000000000000000666e-01
-1.093593275662846365e+00 -1.110519651776664452e+00 -1.113221319174215962e+00 -1.095452382291444149e+00 -1.380440336901305631e+00 -1.381282000000000121e+00
-8.723816492259452993e-01 -9.172977693028404600e-01 -8.821809901199749726e-01 -8.745105720887422773e-01 -1.381282000000000121e+00 -1.381282000000000121e+00
-8.244268224584853089e-01 -8.384142978594730788e-01 -8.173317882668661438e-01 -8.266142367802460367e-01 -1.351000000000000201e+00 -1.359722013105818528e+00
0.000000000000000000e+00 0.000000000000000000e+00 0.000000000000000000e+00 0.000000000000000000e+00 0.000000000000000000e+00 0.000000000000000000e+00
-2.468986886515364354e+00 -2.466630996592300118e+00 -2.469283909787470144e+00 -2.469513945368082997e+00 -2.665861242662475483e+00 -2.689680693393383670e+00
-2.362513082954569743e+00 -2.360652824923351822e+00 -2.363313839114909776e+00 -2.362820263835619716e+00 -3.136695207013115105e+00 -4.597167722159825942e+00
-2.501696493495959128e+00 -2.503291060905405985e+00 -2.501340023540218116e+00 -2.502840089708143090e+00 -3.248492980184921830e+00 -3.150275042094671907e+00
-2.493800761614695549e+00 -2.495298781512783393e+00 -2.495692766732823031e+00 -2.495385338627565730e+00 -2.609803207848759854e+00 -3.054015577047400232e+00
0.000000000000000000e+00 0.000000000000000000e+00 0.000000000000000000e+00 0.000000000000000000e+00 0.000000000000000000e+00 0.000000000000000000e+00
-2.549735942648597486e+00 -2.550888049811475433e+00 -2.550186515311524627e+00 -2.551496460421540213e+00 -5.931353284890985123e+00 -2.633457099273381452e+00
-2.461288577025397828e+00 -2.460257212017353812e+00 -2.461376431772599016e+00 -2.460981327407627983e+00 -4.467622317743826343e+00 -3.064505737274799912e+00
-2.395462005825316876e+00 -2.396662482468675304e+00 -2.395194284827670828e+00 -2.395574092018350587e+00 -4.062366216333566982e+00 -4.437673359431488329e+00
-2.566260523476444622e+00 -2.564979836255794954e+00 -2.566085735845889726e+00 -2.566140951354251687e+00 -3.687825914586841058e+00 -4.489624892237078058e+00
0.000000000000000000e+00 0.000000000000000000e+00 0.000000000000000000e+00 0.000000000000000000e+00 0.000000000000000000e+00 0.000000000000000000e+00
-2.535985537109447741e+00 -2.535819154373960771e+00 -2.534936829429584204e+00 -2.536343074512945162e+00 -3.066941491142200160e+00 -5.490412350951237919e+00
-2.518976400137133087e+00 -2.517525716997584873e+00 -2.519199135220567598e+00 -2.519753574871524737e+00 -2.689680693393383670e+00 -4.243879936309715717e+00
-2.422817866673260490e+00 -2.397658348562904163e+00 -2.418306577549528491e+00 -2.422364520814903610e+00 -5.348398615153190150e+00 -4.909180109652241164e+00
-2.538364300934715434e+00 -2.534479384110594591e+00 -2.538239620878194103e+00 -2.539072750167941983e+00 -3.270814765586071537e+00 -3.226021723761493210e+00
0.000000000000000000e+00 0.000000000000000000e+00 0.000000000000000000e+00 0.000000000000000000e+00 0.000000000000000000e+00 0.000000000000000000e+00
-5.641504766240122981e-01 -5.645711325997581076e-01 -5.666553551976086789e-01 -6.104403488194909411e-01 -7.000000000000000666e-01 -7.000000000000000666e-01
-1.093593275662846365e+00 -1.093853621594900849e+00 -1.093869670395676508e+00 -1.061344734673622003e+00 -1.381282000000000121e+00 -1.381282000000000121e+00
-9.149453428004460376e-01 -9.496219102455483174e-01 -9.190541639256436524e-01 -9.106429065912361454e-01 -1.351000000000000201e+00 -1.381282000000000121e+00
-7.769183777110160172e-01 -7.778468043929884779e-01 -7.751544525188390766e-01 -7.870530039913161691e-01 -1.381282000000000121e+00 -1.381282000000000121e+00
0.000000000000000000e+00 0.000000000000000000e+00 0.000000000000000000e+00 0.000000000000000000e+00 0.000000000000000000e+00 0.000000000000000000e+00
-2.535992523403947096e+00 -2.535990601193684579e+00 -2.537291023287968184e+00 -2.536196048483974952e+00 -3.283085676513571194e+00 -3.622374740648943714e+00
-2.452512093946822791e+00 -2.451662759952854209e+00 -2.450015281970062908e+00 -2.452699956519091451e+00 -3.669740313229481021e+00 -3.121538934275377208e+00
-2.549987878234577732e+00 -2.549917810358582670e+00 -2.549190452817934105e+00 -2.550366752917871072e+00 -3.610716935067108224e+00 -2.612544127965520158e+00
-2.421372253512183992e+00 -2.420888897196088685e+00 -2.419943028326416279e+00 -2.418387338779589335e+00 -5.934412675652599667e+00 -4.885160050383161590e+00
0.000000000000000000e+00 0.000000000000000000e+00 0.000000000000000000e+00 0.000000000000000000e+00 0.000000000000000000e+00 0.000000000000000000e+00
-2.504797545821237481e+00 -2.505251712988572965e+00 -2.507315565259019330e+00 -2.504796855964469771e+00 -2.653770779747410380e+00 -4.279548503960411310e+00
-2.325271579730117555e+00 -2.325963073365745259e+00 -2.321405311776815861e+00 -2.326216799073628216e+00 -3.145813279130064366e+00 -2.632981022812529215e+00
-2.494868566251369213e+00 -2.491915111142537498e+00 -2.496958924576905936e+00 -2.495360325536139623e+00 -3.118594421612748135e+00 -3.186836505959926846e+00
-2.589813156055507548e+00 -2.589758464772190738e+00 -2.589926880162783718e+00 -2.589342645568636581e+00 -5.300700475662210920e+00 -4.110277188318992359e+00
0.000000000000000000e+00 0.000000000000000000e+00 0.000000000000000000e+00 0.000000000000000000e+00 0.000000000000000000e+00 0.000000000000000000e+00
-2.569993791756677304e+00 -2.569851808634342039e+00 -2.570431526035034331e+00 -2.570344641032749511e+00 -4.055275173653975607e+00 -4.464035753281012653e+00
-2.101169817146852026e+00 -2.114744351973106173e+00 -2.114826931952092703e+00 -2.097654072977196194e+00 -1.448130932920147051e+00 -4.166737721528757099e+00
-1.794501485279832220e+00 -1.793005942521847196e+00 -1.810302585503350326e+00 -1.734351123167123587e+00 4.447739190892793237e-01 -2.559729591779809521e+00
-2.235249253082846277e+00 -2.239021103695388870e+00 -2.249438265670427484e+00 -2.235148658690714996e+00 -1.448130426065629361e+00 -4.092249735093372642e+00
0.000000000000000000e+00 0.000000000000000000e+00 0.000000000000000000e+00 0.000000000000000000e+00 0.000000000000000000e+00 0.000000000000000000e+00
-1.843756351942793525e+00 -7.251297013477252529e-01 -1.841989335050761900e+00 -1.842850456050973529e+00 -2.642482083065557319e+00 -1.850883308507715208e+00
-1.383738305483281694e+00 2.337822404559255052e+00 -1.414495461956978728e+00 -1.392081179244922140e+00 -2.576799613551101764e+00 -1.411162407674249941e+00
-2.038926622553719259e+00 -7.251295534070059112e-01 -2.042544713021173575e+00 -2.043309477427497356e+00 -4.032684555951185246e+00 -2.044830295069372639e+00
6.078281015043418556e+00 -2.014874260000000250e-01 -8.908000218601014319e-02 2.118953670420318680e+00 -7.000000000000000666e-01 5.235602094228890735e+01
0.000000000000000000e+00 0.000000000000000000e+00 0.000000000000000000e+00 0.000000000000000000e+00 0.000000000000000000e+00 0.000000000000000000e+00
-2.536182997918397408e+00 -2.537675849758313174e+00 -2.536230811712903321e+00 -2.536675295261267671e+00 -3.175909986779880789e+00 -2.666656655035219980e+00
-2.457132788291243930e+00 -2.459804438328693443e+00 -2.460510903402212346e+00 -2.460852027748863247e+00 -2.618130968509218004e+00 -4.438900357956572229e+00
-2.550270648643995663e+00 -2.550271915639781728e+00 -2.551446806494320541e+00 -2.551688104756494546e+00 -3.096402518033439577e+00 -4.999514301618384060e+00
-2.393070616998283384e+00 -2.393061004392628810e+00 -2.394467381633513803e+00 -2.398995948304532888e+00 -4.988784593531304878e+00 -4.891217241389795412e+00
0.000000000000000000e+00 0.000000000000000000e+00 0.000000000000000000e+00 0.000000000000000000e+00 0.000000000000000000e+00 0.000000000000000000e+00
-2.498467655632025330e+00 -2.499696481701842554e+00 -2.498148700262837973e+00 -2.500275529523149576e+00 -2.680266493514999127e+00 -2.689680693393383670e+00
-2.310115151583856274e+00 -2.302687077158033890e+00 -2.309803131310417701e+00 -2.307426978009428087e+00 -3.097326881988071268e+00 -3.599979784801226490e+00
-2.502988309252775156e+00 -2.500260550953392613e+00 -2.503352771851258041e+00 -2.503069054325410381e+00 -4.114783134085119087e+00 -3.810623643777014458e+00
-2.589374149444818585e+00 -2.589652225490331805e+00 -2.589343538909213649e+00 -2.589096093181478597e+00 -5.778764439279124865e+00 -5.440787169257511380e+00
0.000000000000000000e+00 0.000000000000000000e+00 0.000000000000000000e+00 0.000000000000000000e+00 0.000000000000000000e+00 0.000000000000000000e+00
-2.570368754597712968e+00 -2.571212280529215022e+00 -2.570397581947970078e+00 -2.570997077792343877e+00 -5.001131240976131487e+00 -4.956012371963204544e+00
-2.224348974892703446e+00 -2.225065983298078365e+00 -2.224781798513315589e+00 -2.096988713896267953e+00 -3.119971303522309114e+00 -3.605287138709510231e+00
-1.975473261874642894e+00 -1.975867282554902848e+00 -1.975306787538727793e+00 -1.207803568370303227e+00 -3.145332665575853781e+00 -2.020285086862017909e+00
-2.326394664789422251e+00 -2.335122304661952253e+00 -2.325918508255245154e+00 -2.072831449984180896e+00 -2.635770048587124492e+00 -3.086155647162138305e+00
0.000000000000000000e+00 0.000000000000000000e+00 0.000000000000000000e+00 0.000000000000000000e+00 0.000000000000000000e+00 0.000000000000000000e+00
-1.730384458234280221e+00 -1.730607682024678740e+00 -1.732498682429312487e+00 -1.740667695826428885e+00 -2.044346519320000333e+00 -2.525455325932000505e+00
-1.093692192670576047e+00 -1.094890040881561166e+00 -1.095452382291444149e+00 -1.096793300165518126e+00 -2.000885235606213897e+00 -2.549263737533071783e+00
-1.941088345721379671e+00 -1.948171299527922784e+00 -1.942681984250435701e+00 -1.905662007068062769e+00 -2.020689903042578450e+00 -2.015620109188752007e+00
-1.381282000000000343e-01 -2.043593460487599933e-01 -1.381282000000000343e-01 4.361001145368948784e+00 -1.354028200000000126e+00 -7.000000000000000666e-01
