0.000000000000000000e+00 0.000000000000000000e+00 0.000000000000000000e+00 0.000000000000000000e+00 0.000000000000000000e+00 0.000000000000000000e+00
-2.027450643395527496e+00 -1.986556781695048457e+00 -2.054423569817137807e+00 -1.916247549249653792e+00 -7.251294821405626090e-01 -6.896020954038371897e+00
-1.192323716089000785e+00 -7.843059890894785724e-01 -1.390607647188307094e+00 -7.004340339226243772e-01 2.337822493112342581e+00 -4.899890698337339145e+00
-2.170348527320521637e+00 -2.026551248251434068e+00 -2.175722544140585857e+00 -2.058767882991753506e+00 -1.448130019962869275e+00 -7.431387714640255382e+00
-2.512097681164744412e+00 -2.513640616943165096e+00 -2.512103037772812630e+00 -2.513410532446878953e+00 -3.189885214559001980e+00 -3.184297852352590219e+00
0.000000000000000000e+00 0.000000000000000000e+00 0.000000000000000000e+00 0.000000000000000000e+00 0.000000000000000000e+00 0.000000000000000000e+00
-2.577429286248869467e+00 -2.578434164820139429e+00 -2.577423092671604632e+00 -2.578505176134501031e+00 -7.477814373518525848e+00 -4.516248479304942443e+00
-2.447145393320446782e+00 -2.452158432833174473e+00 -2.447143734272415827e+00 -2.452319356837671105e+00 -4.582022029277183606e+00 -5.456151545644078560e+00
-1.894977776185200469e+00 -2.318006768358359615e+00 -2.317705804674206505e+00 -2.314624550089936506e+00 -3.558926687036428227e+00 -4.154186455176282600e+00
-2.512360904993027777e+00 -2.530904433014787180e+00 -2.531049337659800891e+00 -2.529372789379277897e+00 -3.718981824899498356e+00 -2.530759642180000046e+00
0.000000000000000000e+00 0.000000000000000000e+00 0.000000000000000000e+00 0.000000000000000000e+00 0.000000000000000000e+00 0.000000000000000000e+00
-2.447186803224298934e+00 -2.498424126657638134e+00 -2.502024299323944323e+00 -2.500872086773783032e+00 -4.635563314691854231e+00 -3.243106130562340983e+00
-2.577439490666956878e+00 -2.578452104071827566e+00 -2.577442158934445615e+00 -2.577491111679124813e+00 -4.129458382821177942e+00 -5.317653235602227468e+00
-2.512263896285704234e+00 -2.518408281425613904e+00 -2.512261521516161000e+00 -2.513645051074231418e+00 -3.793889118822889372e+00 -5.385688763910590815e+00
-2.577345748813721027e+00 -2.578444408351138417e+00 -2.577334449643168046e+00 -2.577512339378181583e+00 -2.618083896479031392e+00 -3.220069374844540810e+00
0.000000000000000000e+00 0.000000000000000000e+00 0.000000000000000000e+00 0.000000000000000000e+00 0.000000000000000000e+00 0.000000000000000000e+00
1.490219836635483830e+01 2.401122191431793595e+01 1.227833288280356960e+01 2.584866880414695345e+01 1.338043749135863258e+01 5.235602094240824300e+01
4.447743007434273310e-01 -1.038064427310865456e+00 -1.182632834828347246e+00 -1.473981939601203495e+00 -4.722156601871642323e+00 -1.621101042124384772e+00
5.401007270408326733e+00 -4.668676590601407161e-01 -1.307023695993106749e+00 2.694220123994646165e-01 -4.391673388889354435e+00 -8.269178941221158041e-01
-7.251294821405626090e-01 -1.737476816831564186e+00 -1.807467275593400702e+00 -1.714492802270946026e+00 -6.644255781098373781e+00 -1.915675191553244394e+00
0.000000000000000000e+00 0.000000000000000000e+00 0.000000000000000000e+00 0.000000000000000000e+00 0.000000000000000000e+00 0.000000000000000000e+00
-2.209494294047121610e+00 -2.213295673961713117e+00 -2.190365489260059029e+00 -1.448137189938159430e+00 -4.112433967109696553e+00 -3.607939092861610408e+00
-1.955583162952857501e+00 -1.874430729830102393e+00 -1.959159475132743689e+00 4.447702207906443217e-01 -3.114049141516994634e+00 -4.085851400910131659e+00
-2.291967791461642978e+00 -2.292262173957094085e+00 -2.284167658381844657e+00 -1.894944689000038318e+00 -3.298504775271303924e+00 -4.276712108984339622e+00
-2.447185884038954207e+00 -2.473756894885213331e+00 -2.481911587796565843e+00 -2.472303898601377004e+00 -3.684612370896420686e+00 -3.868874724469100190e+00
0.000000000000000000e+00 0.000000000000000000e+00 0.000000000000000000e+00 0.000000000000000000e+00 0.000000000000000000e+00 0.000000000000000000e+00
-2.552639020018113936e+00 -2.553931701275389266e+00 -2.553237570544016233e+00 -2.552672699058769812e+00 -6.859488254509057192e+00 -4.182250946801426394e+00
-2.341724727612545021e+00 -2.401058055075109721e+00 -2.400432548507334118e+00 -2.400238224050237790e+00 -3.117040339916226976e+00 -4.213445105851654660e+00
-2.171105815973435327e+00 -2.349166347363399243e+00 -2.348719276893488139e+00 -2.346623176295600022e+00 -4.041356098396242658e+00 -5.291505204974424004e+00
-2.552620992006819911e+00 -2.552695297353297477e+00 -2.553483630960005080e+00 -2.552621935610444481e+00 -3.638638082741258994e+00 -7.070932331362758561e+00
0.000000000000000000e+00 0.000000000000000000e+00 0.000000000000000000e+00 0.000000000000000000e+00 0.000000000000000000e+00 0.000000000000000000e+00
-2.512360975384307693e+00 -2.519256982113494470e+00 -2.519097055777215211e+00 -2.518394620935382466e+00 -3.223832851534012001e+00 -3.302887778347212588e+00
-2.552639018865835663e+00 -2.553335121660053275e+00 -2.555249234350183585e+00 -2.554733341207222619e+00 -4.532979978619965600e+00 -6.390164476858026354e+00
-2.447185884974376613e+00 -2.463887431750509727e+00 -2.461057152813735716e+00 -2.459156186702850189e+00 -4.550633885629935094e+00 -4.253546460890488490e+00
-2.552639019046681224e+00 -2.553453992826450580e+00 -2.553913196812346520e+00 -2.552664616610705650e+00 -5.089141634303018691e+00 -3.822326334606813258e+00
0.000000000000000000e+00 0.000000000000000000e+00 0.000000000000000000e+00 0.000000000000000000e+00 0.000000000000000000e+00 0.000000000000000000e+00
-7.000000000000000666e-02 -7.000000000000000666e-02 9.164083096515633908e-01 2.944687252588123982e+01 -7.000000000000000666e-01 -7.000000000000000666e-01
2.000971354522075085e+00 -1.515569017245784078e+00 -1.518021403870917885e+00 -1.501692812137930044e+00 -2.022423635182241775e+00 -2.044346519320000333e+00
-1.243205651101996434e+00 -1.251581829940930701e+00 -1.245442688195837810e+00 4.024777250767511694e-01 -1.351000000000000201e+00 -1.988582184293171462e+00
-6.585218952863910458e-01 -1.649695744813086451e+00 -1.656370792373575540e+00 -1.647320571520072496e+00 -3.101781949224390100e+00 -2.663457666849912364e+00
0.000000000000000000e+00 0.000000000000000000e+00 0.000000000000000000e+00 0.000000000000000000e+00 0.000000000000000000e+00 0.000000000000000000e+00
-2.341725225439687641e+00 -2.445332450831776860e+00 -2.453097606131578345e+00 -2.448123201673017668e+00 -3.603821266216410635e+00 -4.094800688556866852e+00
-1.894946926853789293e+00 -2.317970371372703564e+00 -2.321386215723661550e+00 -2.317618647238356200e+00 -3.150918669270182271e+00 -5.352390190122187086e+00
-2.447185881295734333e+00 -2.489821403369605779e+00 -2.493219547846853068e+00 -2.486807764570192258e+00 -4.699374492622467869e+00 -4.036519016104152868e+00
-2.281504569657777370e+00 -2.274177552249099232e+00 -1.894956469696351231e+00 -2.273321300135668022e+00 -2.671890230488318974e+00 -3.762425697577962858e+00
0.000000000000000000e+00 0.000000000000000000e+00 0.000000000000000000e+00 0.000000000000000000e+00 0.000000000000000000e+00 0.000000000000000000e+00
-2.428502822329114075e+00 -2.428836272960230858e+00 -2.341725814293527996e+00 -2.425875365054550592e+00 -5.433440084540300141e+00 -3.609801776141069674e+00
-2.168884762265857802e+00 -2.148569809854590673e+00 -1.448162968167887366e+00 -2.167403930073243057e+00 -4.595427816823312028e+00 -3.675195521440460578e+00
-2.341731051905823868e+00 -2.443680181787442507e+00 -2.445686502689516928e+00 -2.443567685519006272e+00 -3.291005602596393409e+00 -3.671731319126841697e+00
-2.577530914648261895e+00 -2.577943588483930792e+00 -2.578919881484044385e+00 -2.580467596091908788e+00 -5.034227742360484648e+00 -3.263884513151571465e+00
0.000000000000000000e+00 0.000000000000000000e+00 0.000000000000000000e+00 0.000000000000000000e+00 0.000000000000000000e+00 0.000000000000000000e+00
-2.552639020579257068e+00 -2.559889284685067601e+00 -2.559279334520027760e+00 -2.558913203069475450e+00 -2.689680693393383670e+00 -3.312030882915105945e+00
-2.512200762194936043e+00 -2.514373496961896937e+00 -2.512195672983589478e+00 -2.514806525928964476e+00 -4.506504311454224698e+00 -2.530745301757346688e+00
-2.368871615707778489e+00 -2.369062716326344020e+00 -2.341726252718188572e+00 -2.369888292831956900e+00 -2.671900823016962079e+00 -4.595552331712974059e+00
-2.512344257410493942e+00 -2.513568433111500244e+00 -2.512344875041525150e+00 -2.513640387758096395e+00 -3.637315896850561892e+00 -3.161607016703327222e+00
0.000000000000000000e+00 0.000000000000000000e+00 0.000000000000000000e+00 0.000000000000000000e+00 0.000000000000000000e+00 0.000000000000000000e+00
4.143019822512822969e+00 -1.093725973878753699e+00 -1.064893970356573405e+00 -1.046180365051502692e+00 -1.381282000000000121e+00 -1.354159199932000179e+00
-3.483256438832303958e-01 -3.317758631652044654e-01 1.022078252022371458e+01 -3.317758631652044654e-01 -7.000000000000000666e-01 -7.000000000000000666e-01
-1.532997613168919582e+00 -1.575810838375185874e+00 -1.590063817465670049e+00 -1.576159302733417533e+00 -2.017821485932000058e+00 -2.020562406048759918e+00
5.920293883522756984e-01 -1.051716165940084213e+00 -1.040399151637930730e+00 -1.049642763222419006e+00 -1.970757696955416360e+00 -1.381282000000000121e+00
0.000000000000000000e+00 0.000000000000000000e+00 0.000000000000000000e+00 0.000000000000000000e+00 0.000000000000000000e+00 0.000000000000000000e+00
-2.447185881571778854e+00 -2.473464234214043600e+00 -2.472659686762232134e+00 -2.470977152677302779e+00 -6.018828572992268811e+00 -5.743688761400985499e+00
-2.171076913943423836e+00 -2.348732734657424714e+00 -2.353437297922673199e+00 -2.350076537719114622e+00 -3.259778947739055965e+00 -3.097985588557497394e+00
-2.512360089824053677e+00 -2.513612326557650434e+00 -2.516740643960845514e+00 -2.512360144424662156e+00 -5.050949766810453490e+00 -4.849160283679483818e+00
-2.187015029582545456e+00 -2.178259304986441158e+00 -1.448130020060318213e+00 -2.182436450571656472e+00 -2.564256329893471076e+00 -3.264475928548987493e+00
0.000000000000000000e+00 0.000000000000000000e+00 0.000000000000000000e+00 0.000000000000000000e+00 0.000000000000000000e+00 0.000000000000000000e+00
-2.365461958449620372e+00 -2.361585312428239103e+00 -2.171075609749866242e+00 -2.366120617079367605e+00 -3.215348472232439470e+00 -4.119594713849236811e+00
-2.045734616825207297e+00 -2.036752117094752457e+00 -7.251294821736217200e-01 -2.039213388788800874e+00 -4.114681749312084413e+00 -4.090057814078799758e+00
-2.447185886763085794e+00 -2.473699871236788361e+00 -2.474579442366031667e+00 -2.471641646278653681e+00 -3.598183389558033518e+00 -3.624611443610681327e+00
-2.592909888197613810e+00 -2.592962037376389084e+00 -2.593845059260114549e+00 -2.592910028375401854e+00 -4.873186724452533980e+00 -3.759185610511230458e+00
0.000000000000000000e+00 0.000000000000000000e+00 0.000000000000000000e+00 0.000000000000000000e+00 0.000000000000000000e+00 0.000000000000000000e+00
-2.577525887839537955e+00 -2.578577556673391946e+00 -2.579024271531865864e+00 -2.577525992644660757e+00 -4.582912041510836865e+00 -3.272704670908638924e+00
-2.447185881227333049e+00 -2.472474430649813204e+00 -2.474298370244286449e+00 -2.479764394131852345e+00 -3.285196355030904236e+00 -3.736276901767140224e+00
-2.171075609760940495e+00 -2.344355795027434297e+00 -2.358446736996666182e+00 -2.347517202864151997e+00 -3.155606934633342409e+00 -4.087121124615522127e+00
-2.447185881178732814e+00 -2.485287927539073127e+00 -2.486293763867443385e+00 -2.489641454472651727e+00 -3.651500364793588194e+00 -2.666532567311016066e+00
0.000000000000000000e+00 0.000000000000000000e+00 0.000000000000000000e+00 0.000000000000000000e+00 0.000000000000000000e+00 0.000000000000000000e+00
2.337822493112342581e+00 -1.036763804448901816e+00 -1.083424357716478825e+00 -5.749228804124095760e-01 -3.188742697025812589e+00 -3.897435749036933128e+00
-1.410754259320000092e-01 -1.381282000000000343e-01 3.070343550529699073e+01 -7.000000000000000666e-02 -7.000000000000000666e-01 -7.000000000000000666e-01
-1.228060107417334956e+00 -1.801591215809411839e+00 -1.821486315797841149e+00 -1.811957105307872240e+00 -2.561408614573362108e+00 -2.023238958751165217e+00
3.937129180430232189e+00 -1.091510218610089789e+00 -1.095507274716185142e+00 -1.093108295247860129e+00 -1.381282000000000121e+00 -2.022986711331745013e+00
0.000000000000000000e+00 0.000000000000000000e+00 0.000000000000000000e+00 0.000000000000000000e+00 0.000000000000000000e+00 0.000000000000000000e+00
-2.512338376754037483e+00 -2.512870291709477399e+00 -2.513615807097075106e+00 -2.512337563415921071e+00 -4.561136717027196141e+00 -4.248236135991863449e+00
-2.341727446396836054e+00 -2.395096574649806964e+00 -2.394781233042414303e+00 -2.392353405552108736e+00 -4.583993848848916919e+00 -5.632784455951440172e+00
-2.552554845669200656e+00 -2.553643693162914285e+00 -2.554993140194429913e+00 -2.552551956808920330e+00 -7.186473379812609252e+00 -3.597611997300535158e+00
-1.974838837783656764e+00 -1.935784740865060138e+00 -1.741567257494301968e+00 -1.966229524585248578e+00 -7.251294821405626090e-01 -4.947627420538788456e+00
0.000000000000000000e+00 0.000000000000000000e+00 0.000000000000000000e+00 0.000000000000000000e+00 0.000000000000000000e+00 0.000000000000000000e+00
-2.292864048495647289e+00 -2.230320820012055449e+00 -2.248488416600247231e+00 -2.277896113673741674e+00 -1.894944352337054605e+00 -7.019266984508427676e+00
-1.749410303945227341e+00 -1.461865461467212191e+00 -1.399341914811562892e+00 -1.706145526691109637e+00 4.447743007434273310e-01 -7.525991312622004159e+00
-2.512342535564175527e+00 -2.512673301523100644e+00 -2.512834986540124937e+00 -2.512341343877662503e+00 -3.731860956540044238e+00 -3.751871754808424164e+00
-2.602354619710553596e+00 -2.602469554052302403e+00 -2.602553594738902465e+00 -2.602350174714417541e+00 -4.215029434535789932e+00 -4.618147414734792733e+00
0.000000000000000000e+00 0.000000000000000000e+00 0.000000000000000000e+00 0.000000000000000000e+00 0.000000000000000000e+00 0.000000000000000000e+00
-2.592751545789071077e+00 -2.592967332395738733e+00 -2.593039369778066483e+00 -2.592743924187291604e+00 -4.569754881492687382e+00 -3.214052331488376435e+00
-2.512163936769784112e+00 -2.513640616943165096e+00 -2.513767663497977534e+00 -2.512156476127882065e+00 -4.566430377221110781e+00 -2.619042980326130365e+00
-2.341725339084590463e+00 -2.375594154981529371e+00 -2.381645661508919876e+00 -2.370360620831487797e+00 -3.099687640573281833e+00 -3.145965039096701776e+00
-2.512337790870384779e+00 -2.513640616943165096e+00 -2.515600223371170063e+00 -2.512338658012699177e+00 -2.607828890248427456e+00 -5.064942958105841164e+00
0.000000000000000000e+00 0.000000000000000000e+00 0.000000000000000000e+00 0.000000000000000000e+00 0.000000000000000000e+00 0.000000000000000000e+00
-1.188319244712182643e+00 -1.235872801585570224e+00 -1.238084914606581100e+00 4.447743007434273310e-01 -4.719328121236267215e+00 -1.619749818880701575e+00
1.119630680579563276e+01 2.222475332355767108e+01 2.753031503029796312e+01 1.202781735493164561e+01 1.670559022399379856e+01 5.235602094240824300e+01
-1.448130019962869275e+00 -2.032631609994251853e+00 -1.984452800908698356e+00 -1.992348331822698881e+00 -6.208873915833110324e+00 -2.117663641053894708e+00
2.337822493112342581e+00 -6.977452992692090294e-01 -7.846597747292025637e-01 -4.494055698281396172e-01 -5.901006721188046811e+00 -1.200217614092242258e+00
0.000000000000000000e+00 0.000000000000000000e+00 0.000000000000000000e+00 0.000000000000000000e+00 0.000000000000000000e+00 0.000000000000000000e+00
-2.218269864256296131e+00 -1.448130019962869275e+00 -2.208452257275596686e+00 -2.071640124984876596e+00 -4.294983091420100152e+00 -4.668163068832564377e+00
-1.787488288336239961e+00 4.447743007434273310e-01 -1.791932306648455375e+00 -1.382238305742365947e+00 -5.070316363029305329e+00 -4.379127415926795663e+00
-2.323981651065954779e+00 -1.894944352337054605e+00 -2.312801541558657359e+00 -2.275026689632559052e+00 -4.776830018344413453e+00 -5.948599319359421322e+00
-2.480324144441280687e+00 -2.476148289290025062e+00 -2.447185882179554905e+00 -2.476280668912002714e+00 -2.570708549526603992e+00 -2.663229414581985033e+00
0.000000000000000000e+00 0.000000000000000000e+00 0.000000000000000000e+00 0.000000000000000000e+00 0.000000000000000000e+00 0.000000000000000000e+00
-2.554166937722208708e+00 -2.553324784094786803e+00 -2.552639020482256882e+00 -2.555450105443269671e+00 -5.813347133568500524e+00 -6.810435779994851835e+00
-2.413170084533186266e+00 -2.415813441616598389e+00 -2.341724730108332597e+00 -2.411747351938209327e+00 -4.565558893276802088e+00 -3.240583151842633125e+00
-1.448130020105247162e+00 -2.262499433195880094e+00 -2.258744264423108827e+00 -2.265048652397791074e+00 -4.311099890236370413e+00 -2.541186789150788883e+00
-2.447185881176164646e+00 -2.514200745528211378e+00 -2.507804173237720313e+00 -2.508460621449360328e+00 -3.670421286450502141e+00 -5.950332104276953693e+00
0.000000000000000000e+00 0.000000000000000000e+00 0.000000000000000000e+00 0.000000000000000000e+00 0.000000000000000000e+00 0.000000000000000000e+00
-2.341724726830804126e+00 -2.480151211918602883e+00 -2.477630703951700930e+00 -2.473925468104281933e+00 -3.869903038262542339e+00 -3.098711337905399876e+00
-2.552634913690209117e+00 -2.553399861636865609e+00 -2.552635145695905994e+00 -2.554791488740950189e+00 -4.614118335655644110e+00 -4.015208441187392729e+00
-2.447185881456664713e+00 -2.457659611650221620e+00 -2.454045929802655124e+00 -2.457216640935718566e+00 -2.614712099678861534e+00 -3.279505226735270895e+00
-2.552636795857412988e+00 -2.554252805693520312e+00 -2.552636748114402110e+00 -2.553339632365274170e+00 -3.116826726109382051e+00 -3.856552406139722944e+00
0.000000000000000000e+00 0.000000000000000000e+00 0.000000000000000000e+00 0.000000000000000000e+00 0.000000000000000000e+00 0.000000000000000000e+00
9.041392286126741951e+00 3.135602094240826787e+01 8.074887493992379817e+00 1.475655893258740647e+01 7.971308877864272446e+00 7.017356668110566353e+00
-1.162946051213882281e+00 -9.138506278739428890e-01 2.337822493112342581e+00 -8.168756417248868029e-02 -7.012232604234092115e+00 -5.674550863226409447e+00
1.035761694240830622e+01 3.379066451779249025e-01 -2.443042107306880595e-01 9.724454994194502433e-01 -2.433835502393293382e+00 -2.670667229304321211e+00
-8.741004446596443156e-01 -1.585629118650605296e+00 4.447743007434273310e-01 -1.292264538855807832e+00 -5.764755796251073150e+00 -6.307072219553829129e+00
0.000000000000000000e+00 0.000000000000000000e+00 0.000000000000000000e+00 0.000000000000000000e+00 0.000000000000000000e+00 0.000000000000000000e+00
-2.325087899486139698e+00 -2.163105974085331784e+00 -2.331217720670673454e+00 -1.894944352337054605e+00 -7.086767294944281481e+00 -6.638117130214074457e+00
-2.063954539997699733e+00 -1.566923304891405522e+00 -2.043008945464696247e+00 -7.251294821405626090e-01 -6.656291509859779687e+00 -5.677454340278042189e+00
-2.406166729844414487e+00 -2.298224059830499932e+00 -2.400372121434322992e+00 -2.171075609744302692e+00 -5.723089549008101962e+00 -4.750264487340645658e+00
-2.438635982891281806e+00 -2.450719800926910441e+00 -2.341724726821981850e+00 -2.435465763663820393e+00 -3.731742203023354243e+00 -2.683814775583166945e+00
0.000000000000000000e+00 0.000000000000000000e+00 0.000000000000000000e+00 0.000000000000000000e+00 0.000000000000000000e+00 0.000000000000000000e+00
-2.527325304905018388e+00 -2.526895116801352259e+00 -2.512360874566763602e+00 -2.531174517298796722e+00 -7.209881401664323342e+00 -7.084393960553107661e+00
-2.362376204240738353e+00 -2.374274422005553387e+00 -2.171075609744302692e+00 -2.376742899071195847e+00 -4.716846329599841070e+00 -2.590159429986263806e+00
-1.894944352911132279e+00 -2.323659218608814747e+00 -2.322444009217631056e+00 -2.303318393531940345e+00 -3.543262686654082394e+00 -2.620846861856883869e+00
-2.512360874686378587e+00 -2.533338906395465884e+00 -2.535886437032419671e+00 -2.533291464048173847e+00 -3.171958276751803307e+00 -4.114517891103791847e+00
0.000000000000000000e+00 0.000000000000000000e+00 0.000000000000000000e+00 0.000000000000000000e+00 0.000000000000000000e+00 0.000000000000000000e+00
-2.447185881177024402e+00 -2.513144124345811470e+00 -2.508115024963138318e+00 -2.504472474638328450e+00 -3.242706067181261531e+00 -2.615093183674106925e+00
-2.512360874566763602e+00 -2.518153505232027189e+00 -2.516144756883619049e+00 -2.525577355962051573e+00 -5.350065526987214604e+00 -3.259852524620133529e+00
-2.341724726822040470e+00 -2.417206137701152446e+00 -2.404320057888262863e+00 -2.429428513154021196e+00 -2.591888036286598140e+00 -3.590502599035281683e+00
-2.512360874566763602e+00 -2.522958089582207908e+00 -2.520140908196522478e+00 -2.524540760754248936e+00 -3.683158618292799780e+00 -3.285618819456259665e+00
0.000000000000000000e+00 0.000000000000000000e+00 0.000000000000000000e+00 0.000000000000000000e+00 0.000000000000000000e+00 0.000000000000000000e+00
1.474867243252885096e+00 6.347629203086706973e+00 3.832943132986476265e+00 1.837802094240828410e+01 3.950135177338990333e-01 4.445595700764833902e-01
-6.909432253489785625e-01 -3.382803787850426902e-01 5.401007270408326733e+00 -2.494610563956974059e-01 -5.690015049302191485e+00 -4.223343982467570257e+00
-1.086788359013596716e+00 -1.092717224185092650e+00 -1.094169302722108883e+00 4.147303295266679513e+00 -2.008786690580046663e+00 -1.973492950015117930e+00
4.343729813726275868e-01 -1.395839592107765759e+00 2.337822493112342581e+00 -1.155603805978384413e+00 -3.564396505670758053e+00 -4.238657529724201289e+00
0.000000000000000000e+00 0.000000000000000000e+00 0.000000000000000000e+00 0.000000000000000000e+00 0.000000000000000000e+00 0.000000000000000000e+00
-2.410195823631382073e+00 -2.412531472431635127e+00 -2.419120643604756093e+00 -2.171075609744302692e+00 -4.281567250349043618e+00 -7.907354843477413020e+00
-2.227756757201231785e+00 -2.254761838395960893e+00 -2.230388977953211782e+00 -1.448130019962869275e+00 -5.573734725045635940e+00 -6.164997955324096779e+00
-2.471095431495935024e+00 -2.463271290700080218e+00 -2.475781300554517728e+00 -2.341724726821981850e+00 -3.763851251894700045e+00 -4.357442957127986460e+00
-2.384083726646048618e+00 -2.337590949083867109e+00 -2.171075609744302692e+00 -2.386318741578086211e+00 -4.869545797007210908e+00 -4.380759202487424453e+00
0.000000000000000000e+00 0.000000000000000000e+00 0.000000000000000000e+00 0.000000000000000000e+00 0.000000000000000000e+00 0.000000000000000000e+00
-2.507780087712470518e+00 -2.470382659301804562e+00 -2.447185881175987898e+00 -2.484949928140768538e+00 -4.247604984477009182e+00 -6.805278329945905647e+00
-2.293347030506114770e+00 -2.220311753653224418e+00 -1.894944352337054605e+00 -2.277486569336490518e+00 -6.850619714572226293e+00 -6.595476558430667602e+00
-2.171075609996995226e+00 -2.400289372481036576e+00 -2.398519474205757618e+00 -2.395966721275487377e+00 -5.040602667319687313e+00 -4.014961866270804869e+00
-2.552639020482263099e+00 -2.557942152320623386e+00 -2.562911523117898938e+00 -2.557068958866139496e+00 -3.267983185634057097e+00 -5.735494879680531177e+00
0.000000000000000000e+00 0.000000000000000000e+00 0.000000000000000000e+00 0.000000000000000000e+00 0.000000000000000000e+00 0.000000000000000000e+00
-2.512360874566763602e+00 -2.546198368262021283e+00 -2.539833941960814467e+00 -2.536322540126576985e+00 -5.086047041726107665e+00 -4.325096066709692266e+00
-2.447185882081622132e+00 -2.481881937991583520e+00 -2.474021610632166190e+00 -2.481069879934558742e+00 -5.190106461574569785e+00 -3.254925641705401329e+00
-2.171076549954539026e+00 -2.353078058466661293e+00 -2.353847151106693403e+00 -2.361283778578436188e+00 -4.841925751061019412e+00 -4.127264422815057898e+00
-2.447185881327134993e+00 -2.496524118217199106e+00 -2.485495386516912930e+00 -2.497864913227198613e+00 -4.625602135246490221e+00 -3.158919274008979983e+00
0.000000000000000000e+00 0.000000000000000000e+00 0.000000000000000000e+00 0.000000000000000000e+00 0.000000000000000000e+00 0.000000000000000000e+00
-4.406187188711337965e-01 8.741358857725933795e-02 1.431011581095859908e+00 1.035761694240830622e+01 -3.087465333833936398e+00 -3.242484362740367221e+00
8.067795937155793073e-02 1.370273530426234121e+00 1.035761694240830622e+01 1.407962726324962999e+00 -2.248195617653247158e+00 -3.053134445863777469e+00
1.156350454734859312e+00 -1.371171099712234609e+00 -1.324922720922792729e+00 -1.345848809002028190e+00 -1.381282000000000121e+00 -2.013265441798137712e+00
1.289176694467209172e+00 -1.033210585623081768e+00 5.401007270408326733e+00 -4.248283432854930153e-01 -3.913940956999294674e+00 -1.740194014661512467e+00
0.000000000000000000e+00 0.000000000000000000e+00 0.000000000000000000e+00 0.000000000000000000e+00 0.000000000000000000e+00 0.000000000000000000e+00
-2.471515851287960253e+00 -2.459906364730716444e+00 -2.458461872092906120e+00 -2.341724726821981850e+00 -4.649836055013670588e+00 -5.238542104637258667e+00
-2.331290848732719301e+00 -2.331532407641540683e+00 -2.334406174782505783e+00 -1.894944352337054605e+00 -4.173915090023993635e+00 -4.303231874601227247e+00
-2.504238329918368144e+00 -2.512306671064963304e+00 -2.499781670780617748e+00 -2.447185881175987898e+00 -5.461502075302254511e+00 -4.786620408123500425e+00
-2.302332480544542648e+00 -2.156244424451818187e+00 -1.894944352337054605e+00 -2.296386583932648495e+00 -6.277512113323145293e+00 -6.027781847459658948e+00
0.000000000000000000e+00 0.000000000000000000e+00 0.000000000000000000e+00 0.000000000000000000e+00 0.000000000000000000e+00 0.000000000000000000e+00
-2.446430696285498918e+00 -2.386799354390245487e+00 -2.341724726821981850e+00 -2.441659802534422052e+00 -6.738443732392473962e+00 -7.902567679614200813e+00
-2.163840916214246235e+00 -1.945044218853714701e+00 -1.448130019962869275e+00 -2.174470581058976393e+00 -6.200030374935998623e+00 -5.760824752066294963e+00
-2.341724726821981850e+00 -2.445410696531792549e+00 -2.452157207276471240e+00 -2.438996958924728453e+00 -5.062106081153218362e+00 -7.151402229980686087e+00
-2.577530912578333666e+00 -2.578588945086492057e+00 -2.579635449949226889e+00 -2.577530912588068990e+00 -5.259476384628726464e+00 -7.994691906230217526e+00
0.000000000000000000e+00 0.000000000000000000e+00 0.000000000000000000e+00 0.000000000000000000e+00 0.000000000000000000e+00 0.000000000000000000e+00
-2.552639020482274645e+00 -2.558073079986574072e+00 -2.557449131607306914e+00 -2.556371238335480189e+00 -2.689680693393383670e+00 -3.062444643212920425e+00
-2.341724726821981850e+00 -2.453850932241556926e+00 -2.456435898264420548e+00 -2.455013243653601851e+00 -3.116751377519334731e+00 -2.544441995903775400e+00
-1.894944352337054605e+00 -2.306436765353622409e+00 -2.302272992593631162e+00 -2.303934931864119129e+00 -5.021772679209848711e+00 -3.099914379132868714e+00
-2.341724726821981850e+00 -2.465361190173677386e+00 -2.457677014416830286e+00 -2.459991968885305358e+00 -4.183443440634072807e+00 -5.097149071255160813e+00
0.000000000000000000e+00 0.000000000000000000e+00 0.000000000000000000e+00 0.000000000000000000e+00 0.000000000000000000e+00 0.000000000000000000e+00
-8.471032809275964859e-02 2.111920333961417318e-02 -9.513606575611888161e-01 5.401007270408326733e+00 -4.980287459249868043e+00 -5.270284720668482414e+00
3.953332471032956708e+00 9.633484605418301427e+00 1.837802094240828410e+01 3.293687978404983507e+00 1.124350114375529897e+00 9.407148963024268840e-01
4.447743007434273310e-01 -1.692416282987675435e+00 -1.570139109896383722e+00 -1.171817138389046109e+00 -6.501450008558808058e+00 -4.368981446128389123e+00
1.035761694240830622e+01 -3.023131394290143881e-01 1.103784809360324415e+00 9.120469869604017621e-01 -2.358002146213185490e+00 -2.834826971793493300e+00
0.000000000000000000e+00 0.000000000000000000e+00 0.000000000000000000e+00 0.000000000000000000e+00 0.000000000000000000e+00 0.000000000000000000e+00
-2.499039319550832694e+00 -2.489766152274239808e+00 -2.488478142421020944e+00 -2.447185883352104963e+00 -3.107989904500077394e+00 -3.579476431558122229e+00
-2.384708831065525558e+00 -2.376011066926180249e+00 -2.369435366652222541e+00 -2.171075609786308647e+00 -3.153038923993118914e+00 -3.226444542083664491e+00
-2.529744864677769822e+00 -2.520880697244211710e+00 -2.521012453766526384e+00 -2.512360874566808455e+00 -3.581039744006392134e+00 -2.663864939398178144e+00
-2.188575553289588083e+00 -1.448130019962869275e+00 -2.101512930601829865e+00 -2.185582165045493852e+00 -7.140339156682868449e+00 -6.146068984717987682e+00
0.000000000000000000e+00 0.000000000000000000e+00 0.000000000000000000e+00 0.000000000000000000e+00 0.000000000000000000e+00 0.000000000000000000e+00
-2.403507249530505430e+00 -2.171075609744302692e+00 -2.356583668098082285e+00 -2.385647374171744772e+00 -8.003779629475884505e+00 -6.709581915274776875e+00
-2.019248918208504939e+00 -7.251294821405626090e-01 -1.974829688495879365e+00 -1.967860783053083207e+00 -5.762605014933280145e+00 -6.965428049771698937e+00
-2.479907511375119888e+00 -2.487273350903498326e+00 -2.483513369789501102e+00 -2.447185882019714764e+00 -3.862837249678330309e+00 -4.532256341128215738e+00
-2.592911931216162813e+00 -2.593159060174947239e+00 -2.593025086021779391e+00 -2.592911984808346393e+00 -3.108576529419043499e+00 -5.660941346418997711e+00
0.000000000000000000e+00 0.000000000000000000e+00 0.000000000000000000e+00 0.000000000000000000e+00 0.000000000000000000e+00 0.000000000000000000e+00
-2.577525375237926575e+00 -2.577573065497931193e+00 -2.578379298813271880e+00 -2.577525555910266331e+00 -3.662735571877359764e+00 -3.825446221982463424e+00
-2.453316883108395352e+00 -2.455599923931567119e+00 -2.457059235755273630e+00 -2.447185883561177278e+00 -4.957123377056927183e+00 -3.657540777523446973e+00
-2.304334925516711596e+00 -2.315383690082530865e+00 -2.304895925214886621e+00 -2.171075609747348256e+00 -3.741259039064035896e+00 -3.170009122315755601e+00
-2.460697125641075012e+00 -2.468821214279885101e+00 -2.461337420875615134e+00 -2.447185881274061447e+00 -4.899337303423024537e+00 -2.617981955822489493e+00
0.000000000000000000e+00 0.000000000000000000e+00 0.000000000000000000e+00 0.000000000000000000e+00 0.000000000000000000e+00 0.000000000000000000e+00
-1.433048400586986570e+00 -1.421039272901856831e+00 -1.423241077195477766e+00 1.486542906528698582e+00 -3.560000559961856936e+00 -2.044346519320000333e+00
8.594709171529515856e+00 3.135602094240826787e+01 1.536066736207082251e+01 7.890194577879558580e+00 6.088972390855727390e+00 7.511916968435889963e+00
-1.627380384210090236e+00 -1.855644269928792944e+00 -1.657835679627170489e+00 -7.251294821405626090e-01 -3.116070134155196403e+00 -4.972263565338835178e+00
1.390594393139838569e+00 -5.900068586783221436e-01 1.077333190165202792e-02 5.401007270408326733e+00 -4.229478577068927159e+00 -4.369519096395190871e+00
0.000000000000000000e+00 0.000000000000000000e+00 0.000000000000000000e+00 0.000000000000000000e+00 0.000000000000000000e+00 0.000000000000000000e+00
-2.320351391576544575e+00 -1.894944352337054605e+00 -2.322666947164358842e+00 -2.313352144671001476e+00 -3.670204303696151804e+00 -7.467727830587110205e+00
-2.114678258268496869e+00 -7.251294821405626090e-01 -2.108683747137009235e+00 -2.078695563554868730e+00 -2.648877777219162066e+00 -3.129130580116197269e+00
-2.384415512463430087e+00 -2.171075609744302692e+00 -2.396384501977957271e+00 -2.380402774346297878e+00 -4.333495437862208810e+00 -2.680087225936794493e+00
-2.517169469821874284e+00 -2.512460867652398289e+00 -2.512360874566763602e+00 -2.513685602661632768e+00 -3.190114942057865832e+00 -3.065333833760530258e+00
0.000000000000000000e+00 0.000000000000000000e+00 0.000000000000000000e+00 0.000000000000000000e+00 0.000000000000000000e+00 0.000000000000000000e+00
-2.581089956281279019e+00 -2.577530909756598376e+00 -2.577530909510602264e+00 -2.579586328637958559e+00 -3.647370402230274866e+00 -3.154565322341192690e+00
-2.457948163877126557e+00 -2.455646602645277010e+00 -2.447185881175987898e+00 -2.457285625157635156e+00 -5.797716763009129970e+00 -6.419822774492201845e+00
-7.251294821405626090e-01 -2.061638738492980849e+00 -2.060524750945849082e+00 -1.897289508510286105e+00 -6.364469753744244507e+00 -5.424695495257451761e+00
-2.341724726821981850e+00 -2.490947659738033337e+00 -2.483593598564805660e+00 -2.462041762229947306e+00 -8.050455497056852039e+00 -4.640671179212777275e+00
0.000000000000000000e+00 0.000000000000000000e+00 0.000000000000000000e+00 0.000000000000000000e+00 0.000000000000000000e+00 0.000000000000000000e+00
-2.171075609744302692e+00 -2.437470587291929558e+00 -2.436255591075179083e+00 -2.405861483313923355e+00 -4.869545797007210908e+00 -6.082839326556466197e+00
-2.530610125233102359e+00 -2.531394670615460640e+00 -2.512360874566763602e+00 -2.532884948626310084e+00 -3.271692018614321462e+00 -5.372270855412647705e+00
-2.456906072011607378e+00 -2.453700771422776761e+00 -2.341724726821981850e+00 -2.447993241610476378e+00 -2.556569421152040000e+00 -2.556919211421420091e+00
-2.533394521594396043e+00 -2.533292857206592696e+00 -2.512360874566763602e+00 -2.531621015205480774e+00 -4.186341198958773546e+00 -3.817619210226999016e+00
0.000000000000000000e+00 0.000000000000000000e+00 0.000000000000000000e+00 0.000000000000000000e+00 0.000000000000000000e+00 0.000000000000000000e+00
1.055543531926205425e+00 1.837802094240828410e+01 4.290245220531800352e-01 3.403893225945919809e+00 -1.815882746034508666e-01 -2.501237278178239931e-01
-1.547000003657845957e+00 4.447743007434273310e-01 -1.097428427405639173e+00 -1.168014832730787989e+00 -3.094269364467023387e+00 -5.448568281490770993e+00
1.837802094240828410e+01 3.538448860455601253e+00 4.622117905937315641e+00 7.399021453241779511e+00 1.002582775069301935e+00 7.737250253449660109e-01
-1.128634989358384466e+00 -1.280607686578259408e+00 2.337822493112342581e+00 -7.441541889371516838e-01 -5.829796486612184303e+00 -4.947699659979870823e+00
0.000000000000000000e+00 0.000000000000000000e+00 0.000000000000000000e+00 0.000000000000000000e+00 0.000000000000000000e+00 0.000000000000000000e+00
-2.387659062507828445e+00 -2.171075609744302692e+00 -2.382182247450199242e+00 -2.366011006094565605e+00 -5.085449595937039824e+00 -5.113080083733198222e+00
-2.212163880540214844e+00 -1.448130019962869275e+00 -2.206048060122653087e+00 -2.101625083344346390e+00 -3.118106154111494277e+00 -3.156344395146783555e+00
-2.441065461439208217e+00 -2.341724726821981850e+00 -2.446389138431461330e+00 -2.428688266666304774e+00 -4.210952814744802097e+00 -3.302714697454474990e+00
-2.462924877378837696e+00 -2.459507791595675119e+00 -2.447185881175987898e+00 -2.482629402252751749e+00 -5.643487268580363647e+00 -3.881624785870713801e+00
0.000000000000000000e+00 0.000000000000000000e+00 0.000000000000000000e+00 0.000000000000000000e+00 0.000000000000000000e+00 0.000000000000000000e+00
-2.559210659446088609e+00 -2.552639020358127286e+00 -2.552639020359511512e+00 -2.556177788631150971e+00 -5.160588116649206469e+00 -4.966128579219445172e+00
-2.403752621201937778e+00 -2.384330599173896559e+00 -2.341724726821981850e+00 -2.425529822777875655e+00 -3.755349433845748930e+00 -2.610663491365477817e+00
-2.251581470825108955e+00 -2.246850157971728823e+00 -2.245676141672435122e+00 -1.448130019962869275e+00 -4.142541044651994575e+00 -4.694665532668540031e+00
-2.523763202278659357e+00 -2.531693807834790366e+00 -2.524549001285627536e+00 -2.447185881175987898e+00 -7.077382489951423494e+00 -7.579562996175088330e+00
0.000000000000000000e+00 0.000000000000000000e+00 0.000000000000000000e+00 0.000000000000000000e+00 0.000000000000000000e+00 0.000000000000000000e+00
-2.499946806016495326e+00 -2.499762054788906340e+00 -2.496563132374894245e+00 -2.341724726821981850e+00 -4.403026996947945193e+00 -6.392377380998407688e+00
-2.513912068058376192e+00 -2.506649479069821052e+00 -2.447185881175987898e+00 -2.514791138232147727e+00 -5.601302186135321826e+00 -6.656778260671120329e+00
-2.412239762805906906e+00 -2.406928023594790744e+00 -2.171075609744302692e+00 -2.397726133055909870e+00 -6.815293095525416511e+00 -3.112506962524917320e+00
-2.507927752201264404e+00 -2.517403534855207514e+00 -2.447185881175987898e+00 -2.527476483686738717e+00 -6.957817158939187507e+00 -3.807619071104790809e+00
0.000000000000000000e+00 0.000000000000000000e+00 0.000000000000000000e+00 0.000000000000000000e+00 0.000000000000000000e+00 0.000000000000000000e+00
-5.672117030108739799e-01 8.045218425213867874e+00 -5.423403903475695342e-01 -5.314811597439483837e-01 -7.000000000000000666e-01 -7.000000000000000666e-01
-1.221965759271379071e+00 1.736130868247364623e+00 -1.209003313566441973e+00 -1.242343496894183108e+00 -1.381282000000000121e+00 -1.967940705336007845e+00
-4.146724789563526192e-01 4.851263410437400836e-03 1.549890877444673132e+00 1.035761694240830622e+01 -2.587163231346918835e+00 -3.035047443540948908e+00
-1.099721905822260704e+00 -4.458671247983685415e-01 5.401007270408326733e+00 -4.785417280013933850e-01 -2.988349456830847739e+00 -4.190144940596924883e+00
0.000000000000000000e+00 0.000000000000000000e+00 0.000000000000000000e+00 0.000000000000000000e+00 0.000000000000000000e+00 0.000000000000000000e+00
-2.438382476688839340e+00 -2.434345781761912075e+00 -2.441996273169482645e+00 -2.341727327241852841e+00 -3.254626488563733488e+00 -5.225734800273143854e+00
-2.289896825640175049e+00 -1.894944352339267502e+00 -2.297031941884910999e+00 -2.290912252203643806e+00 -4.184888162762332442e+00 -4.692959250885542666e+00
-2.484164178986784766e+00 -2.474101531188155789e+00 -2.489405473586409734e+00 -2.447185935677520074e+00 -4.601186125487033429e+00 -3.289970982463994442e+00
-2.415550170257422913e+00 -2.341724726821981850e+00 -2.391385741551856015e+00 -2.463471927933349015e+00 -3.821457585352881825e+00 -4.351305875087525976e+00
0.000000000000000000e+00 0.000000000000000000e+00 0.000000000000000000e+00 0.000000000000000000e+00 0.000000000000000000e+00 0.000000000000000000e+00
-2.515663452485860763e+00 -2.512360874566763602e+00 -2.513010600064074840e+00 -2.513909305355268131e+00 -6.556905932351771327e+00 -6.293598584295647669e+00
-2.355202673782976319e+00 -2.171075609744302692e+00 -2.328382935524173636e+00 -2.373708922812203692e+00 -3.721742733550305715e+00 -5.508930526539315586e+00
-2.366388499687631430e+00 -2.363625303188304549e+00 -2.367811371478792726e+00 -1.894944352337054605e+00 -3.773565417966153301e+00 -5.173232109777868182e+00
-2.558775175229111021e+00 -2.554678679569367006e+00 -2.556090322321584285e+00 -2.512360874566763602e+00 -7.595163873999318582e+00 -6.730803180009599984e+00
0.000000000000000000e+00 0.000000000000000000e+00 0.000000000000000000e+00 0.000000000000000000e+00 0.000000000000000000e+00 0.000000000000000000e+00
-2.525430886872800151e+00 -2.525684239994077096e+00 -2.534649355707038421e+00 -2.447185881175987898e+00 -5.649868133488944011e+00 -4.670988633866559603e+00
-2.484117779834150497e+00 -2.476042367879069950e+00 -2.341724726821981850e+00 -2.473064475149243879e+00 -4.279465286266834312e+00 -6.467779759074637980e+00
-2.331312479485500244e+00 -2.333527927433896032e+00 -1.894944352337054605e+00 -2.332996235282775999e+00 -4.817623087704295592e+00 -3.835517146592392290e+00
-2.475641064021266491e+00 -2.486294620903275909e+00 -2.341724726821981850e+00 -2.482651854701778849e+00 -6.369470397901971559e+00 -5.719827701772851825e+00
0.000000000000000000e+00 0.000000000000000000e+00 0.000000000000000000e+00 0.000000000000000000e+00 0.000000000000000000e+00 0.000000000000000000e+00
-8.735091526937676099e-01 3.580497033358082781e+00 -7.667794292489541474e-01 -8.738929524230715229e-01 -1.359838175985520259e+00 -3.058207626407545288e+00
-8.743541352095109964e-01 4.160432009312313717e+00 -8.623488856685228576e-01 -8.891737082600815745e-01 -1.381282000000000121e+00 -1.381282000000000121e+00
-7.083026893542980762e-01 -1.048838003883458381e+00 -3.969220188495456436e-01 5.401007270408326733e+00 -4.918645025888004341e+00 -5.329290514295719206e+00
-8.314497600035675173e-01 -3.775249914588919009e-01 1.035761694240830622e+01 5.871758148371809538e-01 -1.921749184371830399e+00 -2.291010400367734956e+00
0.000000000000000000e+00 0.000000000000000000e+00 0.000000000000000000e+00 0.000000000000000000e+00 0.000000000000000000e+00 0.000000000000000000e+00
-2.494286746418415301e+00 -2.447185881175987898e+00 -2.498627905979609043e+00 -2.484081402007014994e+00 -3.771427007023810507e+00 -6.393196852371793248e+00
-2.378433851241922081e+00 -2.171075609744302692e+00 -2.379297564276576349e+00 -2.308722458766184094e+00 -4.316443798404313803e+00 -4.670450154240342044e+00
-2.525277263815934425e+00 -2.512360874566763602e+00 -2.520488005316979141e+00 -2.519477140027374329e+00 -3.227967883355697953e+00 -4.725656004033184310e+00
-2.358270261098791121e+00 -2.171075609744302692e+00 -2.317128025596086438e+00 -2.338779053183859702e+00 -3.650475576479951911e+00 -2.674277595489577664e+00
0.000000000000000000e+00 0.000000000000000000e+00 0.000000000000000000e+00 0.000000000000000000e+00 0.000000000000000000e+00 0.000000000000000000e+00
-2.471672155552878891e+00 -2.447185881183407741e+00 -2.466791411849072801e+00 -2.476527107953081952e+00 -3.874810114901674929e+00 -4.687426582008638043e+00
-2.278460837047695087e+00 -1.894944352337054605e+00 -2.229674956040109013e+00 -2.259743438153596351e+00 -4.278226935003625719e+00 -7.024809596810452028e+00
-2.434119015628046334e+00 -2.431460362313834445e+00 -2.431965661774620813e+00 -2.171075609744302692e+00 -3.287127207333246037e+00 -5.315691791190461757e+00
-2.569700636274981242e+00 -2.571255423482520008e+00 -2.568974251892094607e+00 -2.552639020482263099e+00 -3.836913841874846742e+00 -6.223018561826367367e+00
0.000000000000000000e+00 0.000000000000000000e+00 0.000000000000000000e+00 0.000000000000000000e+00 0.000000000000000000e+00 0.000000000000000000e+00
-2.551197300953140790e+00 -2.552928813647250106e+00 -2.556454851864041977e+00 -2.512360874566763602e+00 -5.732127551820214606e+00 -3.275004180831860623e+00
-2.171075609744302692e+00 -2.413789925332325836e+00 -2.421160920065826172e+00 -2.417268192375285008e+00 -6.880941455090571424e+00 -5.694032954263104074e+00
-1.448130019962869275e+00 -2.205322941744108256e+00 -2.199975806887420671e+00 -2.193655413165914059e+00 -5.384389570270501579e+00 -6.268105911894031657e+00
-2.171075609744302692e+00 -2.424000325550363044e+00 -2.424237032354125354e+00 -2.426453732980589528e+00 -6.669692595945984515e+00 -6.978970929793977263e+00
0.000000000000000000e+00 0.000000000000000000e+00 0.000000000000000000e+00 0.000000000000000000e+00 0.000000000000000000e+00 0.000000000000000000e+00
-1.102331574931134206e+00 2.337822493112342581e+00 -1.395029546259725750e+00 -4.244775149963344041e-01 -4.312088171993278429e+00 -3.569865452496660208e+00
3.567334569091032970e-01 1.035761694240830622e+01 5.114173878064179668e+00 -5.771989605771475629e-02 -2.911290421321604427e+00 -1.723372891655837069e+00
-9.546434695967453976e-01 -1.078902709973118323e+00 -1.365032322000791387e+00 2.337822493112342581e+00 -5.616334075113312174e+00 -6.021932186925599062e+00
1.837802094240828410e+01 3.910011569043577495e+00 3.486779009010838148e+00 3.797624651744900603e+00 9.454537224383046112e-01 1.087212174766791772e+00
0.000000000000000000e+00 0.000000000000000000e+00 0.000000000000000000e+00 0.000000000000000000e+00 0.000000000000000000e+00 0.000000000000000000e+00
-2.522593187693330297e+00 -2.513185935535495741e+00 -2.516457591022952300e+00 -2.512360874573738023e+00 -4.633219038914010213e+00 -4.618255262250675841e+00
-2.413563363060320821e+00 -2.409703208454098355e+00 -2.412778848679033139e+00 -2.341724852712914640e+00 -3.683157458711537213e+00 -2.660996522287600197e+00
-2.552936985718043950e+00 -2.552637848925409791e+00 -2.553505997446817943e+00 -2.552637798235168454e+00 -3.077125701697913218e+00 -4.208267723998133647e+00
-2.293496764132810117e+00 -1.894944352337054605e+00 -2.293002357381912049e+00 -2.296264392743542881e+00 -2.669252950577668759e+00 -4.206559797888516528e+00
0.000000000000000000e+00 0.000000000000000000e+00 0.000000000000000000e+00 0.000000000000000000e+00 0.000000000000000000e+00 0.000000000000000000e+00
-2.436491962585296100e+00 -2.341724726821981850e+00 -2.434393241354098958e+00 -2.435806740885702482e+00 -4.081964194989480710e+00 -3.274073637947711557e+00
-2.186570792990255363e+00 -1.448130019962869275e+00 -2.190109223652426440e+00 -2.193970765102682741e+00 -3.264049149519441251e+00 -3.082039404074168765e+00
-2.465567965658458149e+00 -2.463854722493067584e+00 -2.465390404820809511e+00 -2.341725542942852289e+00 -3.643643726457419074e+00 -4.756801073658259327e+00
-2.578231473056015410e+00 -2.579704258671985162e+00 -2.579543912044443221e+00 -2.577530914658041628e+00 -5.881552777401263477e+00 -5.657501517655816770e+00
0.000000000000000000e+00 0.000000000000000000e+00 0.000000000000000000e+00 0.000000000000000000e+00 0.000000000000000000e+00 0.000000000000000000e+00
-2.570756153387433240e+00 -2.563837889983135998e+00 -2.566645776725303474e+00 -2.552639020482268428e+00 -2.674757920086970220e+00 -3.652005470365380368e+00
-2.400999421877843876e+00 -2.405825564527458660e+00 -2.403601014314818318e+00 -2.341724922761030392e+00 -4.615721736694584187e+00 -4.154220931638402448e+00
-2.223557836754253003e+00 -2.221926046047446146e+00 -2.224969011869928792e+00 -1.894947627156075010e+00 -4.181194067716898388e+00 -2.554605400830008755e+00
-2.416188740847375449e+00 -2.433797260321629352e+00 -2.422718057994288188e+00 -2.341725432559107922e+00 -5.280058087902541608e+00 -3.225587240441940562e+00
0.000000000000000000e+00 0.000000000000000000e+00 0.000000000000000000e+00 0.000000000000000000e+00 0.000000000000000000e+00 0.000000000000000000e+00
-1.452714150221570355e+00 -1.445556417220793977e+00 -1.456879485232002835e+00 -8.576262931892820740e-01 -3.104907375626410726e+00 -2.044346519320000333e+00
-4.212835529057203376e-01 1.813773287222064212e+01 -3.929041765841669309e-01 -4.053839571629663241e-01 -7.000000000000000666e-01 -7.000000000000000666e-01
-1.691689260217319024e+00 -1.689468847326911272e+00 -1.683183619665072017e+00 4.924616266341039217e-03 -1.992189331883113645e+00 -2.029132654649586698e+00
-6.024509693986751513e-01 -6.142812225172626928e-01 -6.215029909996245827e-01 9.772934078860043172e+00 -1.759083448149895368e+00 -7.000000000000000666e-01
0.000000000000000000e+00 0.000000000000000000e+00 0.000000000000000000e+00 0.000000000000000000e+00 0.000000000000000000e+00 0.000000000000000000e+00
-2.372706895655089632e+00 -2.171075609907287429e+00 -2.376508363990230688e+00 -2.371820690361658102e+00 -4.208831074296891295e+00 -3.175270608519073612e+00
-2.204466009811901994e+00 -1.448130020123107098e+00 -2.216563386047624817e+00 -2.214407459884747187e+00 -2.689680693393383670e+00 -3.106421809719508431e+00
-2.432154104352852730e+00 -2.341724727016886831e+00 -2.425410284042100795e+00 -2.432723060486682964e+00 -4.147177518584856060e+00 -3.302742843276847751e+00
-2.552781902089477750e+00 -2.552639020419697147e+00 -2.555403937660234881e+00 -2.553910926335555054e+00 -3.197934150719919266e+00 -3.311830174994813358e+00
0.000000000000000000e+00 0.000000000000000000e+00 0.000000000000000000e+00 0.000000000000000000e+00 0.000000000000000000e+00 0.000000000000000000e+00
-2.592963275773824794e+00 -2.592914093920207108e+00 -2.593411607448353973e+00 -2.593696013722834870e+00 -4.917657992295369596e+00 -6.423284000218881573e+00
-2.513065344930158318e+00 -2.512360874574127045e+00 -2.515883558991791169e+00 -2.513421872207941110e+00 -3.704531649796881876e+00 -3.225986271176325637e+00
4.447743007434273310e-01 -1.713109601170464735e+00 -1.688875221475479860e+00 -1.446600337208857612e+00 -5.770810491933090702e+00 -4.713011103962319481e+00
-2.171075609744302692e+00 -2.415060203994189969e+00 -2.372184733794585831e+00 -2.370190684629693845e+00 -8.628138063666867197e+00 -7.145076701606405400e+00
0.000000000000000000e+00 0.000000000000000000e+00 0.000000000000000000e+00 0.000000000000000000e+00 0.000000000000000000e+00 0.000000000000000000e+00
-1.894944352337054605e+00 -2.342474961303776304e+00 -2.262358318963993309e+00 -2.265852361287880257e+00 -6.387309835174919570e+00 -5.239985453801947024e+00
-2.556658914394102311e+00 -2.552639020485071519e+00 -2.556650024427116641e+00 -2.557047071656105786e+00 -6.112416410279636558e+00 -4.175693480029181615e+00
-2.494495000185721345e+00 -2.447185881177659450e+00 -2.496778494198232057e+00 -2.494859632738801736e+00 -6.327848387545366826e+00 -4.144416086989087589e+00
-2.564180569722894099e+00 -2.552639020489270383e+00 -2.555610607961582570e+00 -2.557053548104978979e+00 -5.143459486692075977e+00 -2.589048891477501613e+00
0.000000000000000000e+00 0.000000000000000000e+00 0.000000000000000000e+00 0.000000000000000000e+00 0.000000000000000000e+00 0.000000000000000000e+00
9.368163210606518243e-01 1.035761694240830622e+01 1.943791167665819275e+00 2.185694628889979896e+00 -2.595494401390118444e+00 -2.249968966239455970e+00
-1.883686228125937889e+00 -7.251294821405626090e-01 -1.699185592095292519e+00 -1.681135892542700905e+00 -4.141820776160923145e+00 -6.366583440222986390e+00
3.135602094240826787e+01 7.873691891585600011e+00 1.167436111570673418e+01 1.461336830536836473e+01 8.057010585173829398e+00 6.995938369600522400e+00
-1.580216454317464159e+00 4.447743007434273310e-01 -1.376073522580915753e+00 -1.376756638718947379e+00 -5.087635577424884481e+00 -4.382543499884491212e+00
0.000000000000000000e+00 0.000000000000000000e+00 0.000000000000000000e+00 0.000000000000000000e+00 0.000000000000000000e+00 0.000000000000000000e+00
-2.446343056164463459e+00 -2.341724726821981850e+00 -2.436158794415472784e+00 -2.437653515113626934e+00 -4.648029643870257743e+00 -3.757073053012768948e+00
-2.287952630505463603e+00 -1.894944352337054605e+00 -2.284514360516856968e+00 -2.268536726238002288e+00 -3.162473599778774513e+00 -2.674477433114440750e+00
-2.481148423218571430e+00 -2.447185881175987898e+00 -2.486161598411618545e+00 -2.481038136241001002e+00 -3.821960716858117113e+00 -3.741908717578798615e+00
-2.514633043119919975e+00 -2.512352756920361863e+00 -2.512352731645734139e+00 -2.513705012639349867e+00 -3.281850715223812109e+00 -3.672114423336688027e+00
0.000000000000000000e+00 0.000000000000000000e+00 0.000000000000000000e+00 0.000000000000000000e+00 0.000000000000000000e+00 0.000000000000000000e+00
-2.579494626301611415e+00 -2.577527898233102022e+00 -2.577527747843418648e+00 -2.578270204747374894e+00 -3.241543927797751135e+00 -4.176857787143859468e+00
-2.454066550229464294e+00 -2.447184446600694674e+00 -2.447184366746669948e+00 -2.452587409812842179e+00 -3.610220002716427512e+00 -4.986728667703155260e+00
-2.352570519470638111e+00 -1.894944352472436089e+00 -2.343353153224191132e+00 -2.329845832420375018e+00 -4.235749046529249107e+00 -4.782386319712736977e+00
-2.539040143411033235e+00 -2.512360874566763602e+00 -2.545234906699273658e+00 -2.541589489182549233e+00 -4.207871389904387804e+00 -5.070853275935451876e+00
0.000000000000000000e+00 0.000000000000000000e+00 0.000000000000000000e+00 0.000000000000000000e+00 0.000000000000000000e+00 0.000000000000000000e+00
-2.526987787471906888e+00 -2.447185881176089151e+00 -2.522666171033719262e+00 -2.521106322289933477e+00 -2.672122002997368906e+00 -2.663864939398178144e+00
-2.518362658144434718e+00 -2.512360874780165787e+00 -2.515680025031033828e+00 -2.518279168471004859e+00 -4.600066121778656481e+00 -4.494683448154278338e+00
-2.415141233727804870e+00 -2.341724726838472215e+00 -2.409537236844936814e+00 -2.414443135016342890e+00 -3.113895950516639921e+00 -2.640770430046509798e+00
-2.522499552507491138e+00 -2.512360874645170661e+00 -2.517399173414575753e+00 -2.518542913543824202e+00 -2.578328851338508976e+00 -3.257232294618580326e+00
0.000000000000000000e+00 0.000000000000000000e+00 0.000000000000000000e+00 0.000000000000000000e+00 0.000000000000000000e+00 0.000000000000000000e+00
-6.716580757384916778e-01 -6.618193458081534919e-01 -6.871986267168171958e-01 -6.748840010202946660e-01 -7.000000000000000666e-01 -7.000000000000000666e-01
-1.067613211158115361e+00 -1.111859404433005460e+00 -1.068591618720910796e+00 -1.089906618661435456e+00 -1.365221578193974494e+00 -1.381282000000000121e+00
-9.934739656956999010e-01 2.926717231086652049e+00 -9.864479394566875170e-01 -9.664952458889716214e-01 -1.356844426000000103e+00 -2.021516544867099974e+00
-9.421698663129582929e-01 3.645075190144507205e-01 -9.428158180664553134e-01 -9.659899891764782698e-01 -1.356844426000000103e+00 -1.354028200000000126e+00
0.000000000000000000e+00 0.000000000000000000e+00 0.000000000000000000e+00 0.000000000000000000e+00 0.000000000000000000e+00 0.000000000000000000e+00
-2.469422227095005695e+00 -2.460705378961033585e+00 -2.460970462060722230e+00 -2.447185882657117340e+00 -2.525324326000000230e+00 -3.559964817454273955e+00
-2.316108878483703393e+00 -2.171077517540436208e+00 -2.317983581912923530e+00 -2.315313657614835208e+00 -3.588494067626803563e+00 -2.615313586588512429e+00
-2.513592127088431827e+00 -2.512360882174609955e+00 -2.512947719394552415e+00 -2.512360873606658274e+00 -3.235925027399692677e+00 -5.037894254913086733e+00
-2.463391781872922515e+00 -2.447185881175987898e+00 -2.468818362784840126e+00 -2.471422282360300038e+00 -3.169898358783274084e+00 -3.689863394212951064e+00
0.000000000000000000e+00 0.000000000000000000e+00 0.000000000000000000e+00 0.000000000000000000e+00 0.000000000000000000e+00 0.000000000000000000e+00
-2.554500566492310831e+00 -2.552639020482256882e+00 -2.553701571218495392e+00 -2.555039149734890103e+00 -5.281649338425888907e+00 -6.349814146610025745e+00
-2.401031935822749208e+00 -2.341724726821981850e+00 -2.405118794349928368e+00 -2.404979784250288244e+00 -4.600139121391815245e+00 -3.655104055289407849e+00
-2.380239835822138605e+00 -2.171075609780245497e+00 -2.373510263963276135e+00 -2.372960495103557665e+00 -4.130938146036202241e+00 -3.296860131715090070e+00
-2.553060285063559753e+00 -2.552638955442932733e+00 -2.552950398882859240e+00 -2.552638951352624641e+00 -4.937734057677491961e+00 -3.147964462533999530e+00
0.000000000000000000e+00 0.000000000000000000e+00 0.000000000000000000e+00 0.000000000000000000e+00 0.000000000000000000e+00 0.000000000000000000e+00
-2.532841279231896614e+00 -2.512360874695076962e+00 -2.531746297244392263e+00 -2.530206013941966425e+00 -5.529173861819602465e+00 -3.293546687254964134e+00
-2.495424395586556265e+00 -2.447185881176044298e+00 -2.497687918520581363e+00 -2.499517634411200895e+00 -3.107380008549665007e+00 -3.640195443059531133e+00
-2.382283542977713608e+00 -2.171075609812534335e+00 -2.382639361002977019e+00 -2.386521780496805523e+00 -2.554449284753906202e+00 -3.283494385638872526e+00
-2.502256101277990474e+00 -2.447185881176058508e+00 -2.502508077443728052e+00 -2.507793036628297667e+00 -2.661736581655247402e+00 -2.609930704842578386e+00
0.000000000000000000e+00 0.000000000000000000e+00 0.000000000000000000e+00 0.000000000000000000e+00 0.000000000000000000e+00 0.000000000000000000e+00
-7.559769598437158233e-01 -8.016871079669282141e-01 -7.774019653332573387e-01 -7.600691545883276889e-01 -1.356844426000000103e+00 -1.362624772796602990e+00
-1.001412317572524469e+00 -9.599142837334027067e-01 -9.664952458889716214e-01 -9.921129802568440237e-01 -1.381282000000000121e+00 -2.528271551932000261e+00
-1.062107819693665300e+00 1.490269209440343134e+00 -1.053626350914908860e+00 -1.057616408450235745e+00 -1.354028200000000126e+00 -1.351000000000000201e+00
-8.748087732677978234e-01 1.358032011515833526e+00 -8.745105720887422773e-01 -8.848297274738005092e-01 -1.354028200000000126e+00 -1.354028200000000126e+00
0.000000000000000000e+00 0.000000000000000000e+00 0.000000000000000000e+00 0.000000000000000000e+00 0.000000000000000000e+00 0.000000000000000000e+00
-2.524981207922429860e+00 -2.512360874566763602e+00 -2.530800047567654865e+00 -2.523545700802485303e+00 -5.015337601363274445e+00 -5.513056885229325133e+00
-2.436620292803668431e+00 -2.341724726821981850e+00 -2.436007190827560009e+00 -2.428399393707522780e+00 -5.516849573917046001e+00 -5.749205990241260444e+00
-2.555935560486330083e+00 -2.552639020482263099e+00 -2.557149552236830825e+00 -2.553782485258632828e+00 -3.067734477652765968e+00 -3.097062129970479472e+00
-2.399715739308545537e+00 -2.341724727388494021e+00 -2.378786818080275367e+00 -2.393229937549622210e+00 -3.593607200474542740e+00 -3.862869108641231897e+00
0.000000000000000000e+00 0.000000000000000000e+00 0.000000000000000000e+00 0.000000000000000000e+00 0.000000000000000000e+00 0.000000000000000000e+00
-2.520482774665429915e+00 -2.512358255265997542e+00 -2.512358380661357860e+00 -2.513619121732733941e+00 -4.086669628525277709e+00 -2.602311175133822374e+00
-2.328556582459459623e+00 -2.171075609765633629e+00 -2.285815402192802104e+00 -2.312821081915181320e+00 -4.896111366398006481e+00 -4.051848237980888001e+00
-2.474218495102871174e+00 -2.341724726821981850e+00 -2.471008025844621869e+00 -2.469348701287364722e+00 -4.877810309777237840e+00 -4.166395472971288427e+00
-2.582087237194913953e+00 -2.577530914658041628e+00 -2.578251567876770789e+00 -2.579083595903361115e+00 -4.102241823503446128e+00 -5.136124544633141831e+00
0.000000000000000000e+00 0.000000000000000000e+00 0.000000000000000000e+00 0.000000000000000000e+00 0.000000000000000000e+00 0.000000000000000000e+00
-2.566216943641494996e+00 -2.552639020482263099e+00 -2.566752864512251264e+00 -2.566567727373727514e+00 -5.630679747690256143e+00 -2.612352263557347065e+00
-1.894944352337054605e+00 -2.309157369848642727e+00 -2.309157587164372583e+00 -2.262110389744773631e+00 -7.179314013436814967e+00 -6.602770866526774363e+00
-7.251294821405626090e-01 -2.025542546166694269e+00 -1.999579589239641075e+00 -1.805797465126626866e+00 -5.699675170110269917e+00 -3.688632524721958017e+00
-1.894944352337054605e+00 -2.330780367701056122e+00 -2.337069678190539346e+00 -2.286301715466826145e+00 -7.793905375400259850e+00 -6.994978375518095426e+00
0.000000000000000000e+00 0.000000000000000000e+00 0.000000000000000000e+00 0.000000000000000000e+00 0.000000000000000000e+00 0.000000000000000000e+00
-1.546487377887515668e+00 4.447743007434273310e-01 -1.706508558370941842e+00 -1.216269365562624882e+00 -6.273931231565211597e+00 -6.947877136476509286e+00
-4.634426318602177242e-01 5.401007270408326733e+00 -5.516748856986432026e-01 -1.339119819405247269e-01 -2.392530454847421773e+00 -4.674602930126299682e+00
-1.637080579193856744e+00 4.447743007434273310e-01 -1.858975729689826606e+00 -1.080039580813862532e+00 -4.410354624477813346e+00 -5.094460714256726419e+00
3.135602094240826787e+01 8.506016341033182826e+00 5.383412152624714508e+00 1.432997881688588393e+01 7.957502454910043710e+00 6.222269787542579422e+00
0.000000000000000000e+00 0.000000000000000000e+00 0.000000000000000000e+00 0.000000000000000000e+00 0.000000000000000000e+00 0.000000000000000000e+00
-2.555053384849055309e+00 -2.552635802779687602e+00 -2.553363700864599295e+00 -2.552635579943720145e+00 -2.610870989369720174e+00 -2.669722580606614493e+00
-2.456094636001058706e+00 -2.454058138186762772e+00 -2.457063348086280463e+00 -2.447185882435032767e+00 -2.653434325871599775e+00 -4.140462087325481377e+00
-2.579145552184087364e+00 -2.577513218151943786e+00 -2.578148499066303057e+00 -2.577513149395093350e+00 -3.143558738720450219e+00 -3.195526416180377360e+00
-2.362984279312191127e+00 -2.171075609761757175e+00 -2.356027757253144728e+00 -2.361349408160445584e+00 -3.670591158152249456e+00 -2.633966700113683945e+00
0.000000000000000000e+00 0.000000000000000000e+00 0.000000000000000000e+00 0.000000000000000000e+00 0.000000000000000000e+00 0.000000000000000000e+00
-2.480903708638205529e+00 -2.447185881175987898e+00 -2.471516319480365542e+00 -2.476388195220385224e+00 -5.186696129717510928e+00 -4.581178548001602735e+00
-2.288026365961234099e+00 -1.894944352560833822e+00 -2.274790838576076002e+00 -2.277865116971823589e+00 -2.582499399916665439e+00 -3.208553347344827333e+00
-2.495969307692543548e+00 -2.490497256799641512e+00 -2.493092369412639897e+00 -2.447185881236208616e+00 -3.243848961947437104e+00 -2.663989027122382058e+00
-2.594336077330561263e+00 -2.592910402216456411e+00 -2.592983124550852558e+00 -2.592910630032006392e+00 -3.645774156764262752e+00 -3.199994095001178263e+00
0.000000000000000000e+00 0.000000000000000000e+00 0.000000000000000000e+00 0.000000000000000000e+00 0.000000000000000000e+00 0.000000000000000000e+00
-2.577532916651661843e+00 -2.577530651542321749e+00 -2.578541774104642581e+00 -2.577530642291737450e+00 -4.823003058920767749e+00 -3.749527721264511726e+00
-2.330060426070190704e+00 -2.336288613939530912e+00 -2.332505678169726426e+00 -2.171077233402356921e+00 -4.567981458630486102e+00 -2.668849491028645993e+00
-2.103402607047403006e+00 -2.110853370145183039e+00 -2.084060847976585862e+00 -1.448133707846419371e+00 -2.565151573303380950e+00 -3.253679567789011351e+00
-2.361391644061332951e+00 -2.372215442120570117e+00 -2.366851197649014527e+00 -2.171079901721069128e+00 -5.281234453715200949e+00 -5.734219909443043051e+00
0.000000000000000000e+00 0.000000000000000000e+00 0.000000000000000000e+00 0.000000000000000000e+00 0.000000000000000000e+00 0.000000000000000000e+00
-1.647845829387025063e+00 -1.629602621799004725e+00 -1.627802650072051271e+00 -1.344371434911174834e+00 -1.970922164719010716e+00 -2.031798437462431828e+00
-7.660541977811241576e-01 3.893457908388458399e+00 -7.774019653332573387e-01 -7.926504912685088389e-01 -2.564563666674139597e+00 -1.381282000000000121e+00
-1.813362332741051519e+00 -1.812209925988534920e+00 -1.823459784333694156e+00 -1.531942940479976256e+00 -2.023238958751165217e+00 -2.040961370569290612e+00
-2.577924160000000242e-01 -2.933953188242188759e-01 -2.604115061800000297e-01 1.558827737659862578e+01 -7.000000000000000666e-01 -7.000000000000000666e-01
0.000000000000000000e+00 0.000000000000000000e+00 0.000000000000000000e+00 0.000000000000000000e+00 0.000000000000000000e+00 0.000000000000000000e+00
-2.423003166506872752e+00 -2.341731437453113518e+00 -2.423735095942888051e+00 -2.423753299425297936e+00 -4.582227690477555626e+00 -3.569905637558298483e+00
-2.283695317792292290e+00 -1.894949919740570810e+00 -2.283498704585777084e+00 -2.274829913867459030e+00 -4.093393973576706202e+00 -2.677068607106498188e+00
-2.469425149301433198e+00 -2.447188617620296824e+00 -2.469371994871524922e+00 -2.469778907383403777e+00 -2.671900590795770469e+00 -3.794525479012048841e+00
-2.578443508896205660e+00 -2.577529023742024084e+00 -2.578530517494654450e+00 -2.578573756339359591e+00 -3.267156093984546317e+00 -3.248791644964713399e+00
0.000000000000000000e+00 0.000000000000000000e+00 0.000000000000000000e+00 0.000000000000000000e+00 0.000000000000000000e+00 0.000000000000000000e+00
-2.602484426111065563e+00 -2.602419749754551148e+00 -2.602556023134679375e+00 -2.602492775127860369e+00 -5.353854240075191839e+00 -5.353652324210528946e+00
-2.553393200716487232e+00 -2.552638750950036783e+00 -2.553779014133115144e+00 -2.553921601759257420e+00 -3.090751830659487887e+00 -4.600435524420328548e+00
-2.421156739861893836e-01 -1.256270726614525879e+00 -9.804681934498025164e-01 -6.251829900091476766e-01 2.337822493112342581e+00 -5.751003987402718565e+00
-2.224714073625218003e+00 -2.301707416660561556e+00 -2.267391402694300506e+00 -2.234085160022298400e+00 -1.894944352337054605e+00 -7.024687729149102111e+00
0.000000000000000000e+00 0.000000000000000000e+00 0.000000000000000000e+00 0.000000000000000000e+00 0.000000000000000000e+00 0.000000000000000000e+00
-2.109480732185772922e+00 -2.200955027297200939e+00 -2.067458728069252238e+00 -2.111484400310000176e+00 -1.448130019962869275e+00 -4.780033720841994516e+00
-2.578314130339368404e+00 -2.577530768375081660e+00 -2.578526551445560866e+00 -2.578460762535715656e+00 -5.970781000612930711e+00 -4.081386855937738645e+00
-2.521718730176901957e+00 -2.512361044402648957e+00 -2.524012460665674418e+00 -2.523803810998488828e+00 -2.543781505063551496e+00 -4.085412285530940935e+00
-2.578555263426034028e+00 -2.577530746098311898e+00 -2.580483358748702827e+00 -2.578545350080753806e+00 -3.249137794005278135e+00 -3.684756842123944054e+00
0.000000000000000000e+00 0.000000000000000000e+00 0.000000000000000000e+00 0.000000000000000000e+00 0.000000000000000000e+00 0.000000000000000000e+00
4.918915668308726508e-01 5.401007270408326733e+00 4.729771102609928723e-01 6.194362339447907484e-01 -3.569555385523271340e+00 -5.377785385180192668e-01
-2.049990732257690240e+00 -1.448130019962869275e+00 -2.010637690192903726e+00 -1.995161328603518802e+00 -6.905380767540881592e+00 -2.134668421497940560e+00
2.417446139410938599e+01 1.451323544538817067e+01 2.153741230988610411e+01 2.282735323524888571e+01 1.672521538650733675e+01 5.235602094240824300e+01
-1.680880589239399869e+00 -7.251294821405626090e-01 -1.777405383807999506e+00 -1.777405377873933157e+00 -5.375606035546066863e+00 -1.957189311131480647e+00
0.000000000000000000e+00 0.000000000000000000e+00 0.000000000000000000e+00 0.000000000000000000e+00 0.000000000000000000e+00 0.000000000000000000e+00
-2.472677856661086970e+00 -2.447185882245337396e+00 -2.476913482643468001e+00 -2.472403443285869251e+00 -3.135747682497708411e+00 -6.560313855528933757e+00
-2.341756423410613408e+00 -2.171075609959263630e+00 -2.342957589482500769e+00 -2.345651376082876105e+00 -4.113211350367367736e+00 -3.680628083742325085e+00
-2.515539508193056939e+00 -2.512360874838080349e+00 -2.516613162605368270e+00 -2.519025795584756366e+00 -3.866551451211472923e+00 -5.892860848557075926e+00
-2.553690255062309955e+00 -2.552477472456406105e+00 -2.552484978768356338e+00 -2.553856428758352948e+00 -4.312818625155852459e+00 -2.635923728626440088e+00
0.000000000000000000e+00 0.000000000000000000e+00 0.000000000000000000e+00 0.000000000000000000e+00 0.000000000000000000e+00 0.000000000000000000e+00
-2.593228329536073851e+00 -2.592740735544848185e+00 -2.592728022923473929e+00 -2.593367311139156417e+00 -6.398031956272403953e+00 -5.366811096785640167e+00
-2.513002522012385054e+00 -2.512168324861538071e+00 -2.512165486070361720e+00 -2.513531664557665746e+00 -3.096165635185081477e+00 -3.298701911450334201e+00
-2.376337674215457163e+00 -2.171081695429613934e+00 -2.377584476137106773e+00 -2.379535161188922388e+00 -2.633116164778706469e+00 -4.193284252426408010e+00
-2.557711298095922015e+00 -2.552639020822149440e+00 -2.555084917423588120e+00 -2.555926552246042149e+00 -6.873542704724581398e+00 -6.670160381906830693e+00
0.000000000000000000e+00 0.000000000000000000e+00 0.000000000000000000e+00 0.000000000000000000e+00 0.000000000000000000e+00 0.000000000000000000e+00
-2.538277198606195384e+00 -2.512360879043662454e+00 -2.537530198757680377e+00 -2.538466660068508407e+00 -3.744741933868606765e+00 -2.672539915351372475e+00
-2.553816436581521021e+00 -2.552448554733856234e+00 -2.552450667863601197e+00 -2.553339471761234769e+00 -2.663864939398178144e+00 -4.447729876046889963e+00
-2.452718230046148751e+00 -2.447186310709345669e+00 -2.449107148538138379e+00 -2.451875751441670470e+00 -3.723131962608487999e+00 -4.467589911963841587e+00
-2.553866972628622722e+00 -2.552546194002430990e+00 -2.552551207018411095e+00 -2.553716699085173847e+00 -3.093664392738080693e+00 -5.441676312072887711e+00
0.000000000000000000e+00 0.000000000000000000e+00 0.000000000000000000e+00 0.000000000000000000e+00 0.000000000000000000e+00 0.000000000000000000e+00
-7.246264213691238076e-01 -6.755309530970217136e-01 -7.254287603982223498e-01 -6.748840010202946660e-01 -7.000000000000000666e-01 -7.000000000000000666e-01
-1.125802489643813686e+00 -1.056254725777568737e+00 -1.048240023441307844e+00 -1.051716165940084213e+00 -1.997980352009487426e+00 -2.627780124765576542e+00
-1.008768151202915409e+00 -1.023633665584362529e+00 -1.009261136981999485e+00 -1.010651163013900566e+00 -1.354028200000000126e+00 -1.381282000000000121e+00
-9.211261593910893275e-01 -9.231985864053815494e-01 -9.025138200143245637e-01 -9.211261593910893275e-01 -1.381282000000000121e+00 -1.996609426300591572e+00
0.000000000000000000e+00 0.000000000000000000e+00 0.000000000000000000e+00 0.000000000000000000e+00 0.000000000000000000e+00 0.000000000000000000e+00
-2.513644594606974536e+00 -2.512239806213267812e+00 -2.513603259078173835e+00 -2.512233233243410968e+00 -4.308557121916642529e+00 -3.594333465930401594e+00
-2.386229144240156419e+00 -2.371784868352777575e+00 -2.376473082632891920e+00 -2.341730188124589773e+00 -3.179795331832670158e+00 -5.488702369326057706e+00
-2.552593793038640868e+00 -2.552514108445548935e+00 -2.554079283401328837e+00 -2.552515416380691793e+00 -2.660934793781779995e+00 -4.225146740280608881e+00
-2.513628617897669226e+00 -2.512360874379726106e+00 -2.516488657942377749e+00 -2.517218858332468834e+00 -2.571789864766532929e+00 -3.302858534975174898e+00
0.000000000000000000e+00 0.000000000000000000e+00 0.000000000000000000e+00 0.000000000000000000e+00 0.000000000000000000e+00 0.000000000000000000e+00
-2.578362163655478323e+00 -2.577530903317618360e+00 -2.578529084586512088e+00 -2.578964714707681516e+00 -5.640345852137699900e+00 -5.048949536793156057e+00
-2.452491714332666994e+00 -2.447185886770376850e+00 -2.462917489426465156e+00 -2.455173114583919514e+00 -2.552178914964351009e+00 -2.652212180797099972e+00
-2.400580104172404194e+00 -2.341726716551245424e+00 -2.399258184591806842e+00 -2.398658595956852935e+00 -5.400665989628466335e+00 -5.339228991175726691e+00
-2.578434709715133444e+00 -2.577485486981673457e+00 -2.578044881180823200e+00 -2.577482400546052599e+00 -3.822325243676227835e+00 -5.930134539047176467e+00
0.000000000000000000e+00 0.000000000000000000e+00 0.000000000000000000e+00 0.000000000000000000e+00 0.000000000000000000e+00 0.000000000000000000e+00
-2.553771071020385364e+00 -2.552634821289009981e+00 -2.553676648428222951e+00 -2.552634716037643692e+00 -4.215293095628793729e+00 -2.615093183674106925e+00
-2.523186420688910303e+00 -2.512360876890751715e+00 -2.523846822017332681e+00 -2.521317457113231963e+00 -6.390388414055469646e+00 -3.610034910223110849e+00
-2.417236632354808901e+00 -2.341728365463756401e+00 -2.420434696907233896e+00 -2.419009190946862731e+00 -4.242688382986657736e+00 -3.743734653777495147e+00
-2.529205135215692568e+00 -2.512360878562602373e+00 -2.526261243615313123e+00 -2.526046946776725033e+00 -4.045627600093472331e+00 -2.620012861191679754e+00
0.000000000000000000e+00 0.000000000000000000e+00 0.000000000000000000e+00 0.000000000000000000e+00 0.000000000000000000e+00 0.000000000000000000e+00
-7.245283403395177402e-01 -7.335133578235747409e-01 -7.246309837189524039e-01 -7.253153864732360123e-01 -7.000000000000000666e-01 -7.000000000000000666e-01
-1.010651163013900566e+00 -1.008640673112848107e+00 -1.004796477040071911e+00 -1.026157425562750358e+00 -1.354028200000000126e+00 -2.525460992989058795e+00
-1.029688142395019268e+00 -1.023927592939972930e+00 -1.010651163013900566e+00 -1.041127833833418670e+00 -2.533931684679620044e+00 -1.381282000000000121e+00
-9.110191528343180023e-01 -9.122043413870406514e-01 -8.744159445451828994e-01 -8.737093677795902957e-01 -1.381282000000000121e+00 -2.538564576339400247e+00
0.000000000000000000e+00 0.000000000000000000e+00 0.000000000000000000e+00 0.000000000000000000e+00 0.000000000000000000e+00 0.000000000000000000e+00
-2.553742916772347993e+00 -2.552639020403397296e+00 -2.553963471826149245e+00 -2.553793464968223681e+00 -5.434846722125460161e+00 -4.507357047561988850e+00
-2.469305522980878020e+00 -2.447185883536883821e+00 -2.470696580736354342e+00 -2.469778001035566550e+00 -4.604683134607751249e+00 -5.384628850480644324e+00
-2.578394788657504044e+00 -2.577530911419635640e+00 -2.580101228384140910e+00 -2.578540736845559955e+00 -4.002432931978407105e+00 -3.867560195696397862e+00
-2.448302727793439715e+00 -2.447186453905165759e+00 -2.447864645397694883e+00 -2.447923289111657574e+00 -3.285741194164526036e+00 -3.226560524611411740e+00
0.000000000000000000e+00 0.000000000000000000e+00 0.000000000000000000e+00 0.000000000000000000e+00 0.000000000000000000e+00 0.000000000000000000e+00
-2.553665351647377513e+00 -2.552490341456216782e+00 -2.552495547937477571e+00 -2.553105296981393657e+00 -3.727834305598792586e+00 -3.241477353826416774e+00
-2.388272346344936903e+00 -2.341725401636271187e+00 -2.380827495907515967e+00 -2.381562577910369960e+00 -3.686732202544679815e+00 -2.541562007515246080e+00
-2.496375244023651963e+00 -2.447186597305520461e+00 -2.493219712561856927e+00 -2.497131208734100216e+00 -2.653438376582951008e+00 -3.234793217111738173e+00
-2.594545486415112290e+00 -2.592914104466409242e+00 -2.593090742172380114e+00 -2.593008082858062391e+00 -4.458947890471501196e+00 -6.608443130394595855e+00
0.000000000000000000e+00 0.000000000000000000e+00 0.000000000000000000e+00 0.000000000000000000e+00 0.000000000000000000e+00 0.000000000000000000e+00
-2.578585497162617646e+00 -2.577530916464868760e+00 -2.579643257942906942e+00 -2.578541774104642581e+00 -3.749868029172016115e+00 -3.247874557233141779e+00
-2.080382392292978277e+00 -2.154492626216731210e+00 -2.151942408915937133e+00 -2.054874383023653106e+00 -1.448130019962869275e+00 -7.650487547363713503e+00
-1.350984950606029189e+00 -1.690985813619989120e+00 -1.653087754889354333e+00 -1.379998633951945219e+00 4.447743007434273310e-01 -6.276339399029056132e+00
-2.093622091360951121e+00 -2.188286364683281082e+00 -2.204012247298547500e+00 -2.092128995038116113e+00 -1.448130019962869275e+00 -6.979013808773346206e+00
0.000000000000000000e+00 0.000000000000000000e+00 0.000000000000000000e+00 0.000000000000000000e+00 0.000000000000000000e+00 0.000000000000000000e+00
-1.719844869362318507e+00 -7.251294821405626090e-01 -1.960658052260143780e+00 -1.668026706874069953e+00 -6.613797490300324711e+00 -1.906859390440283075e+00
-6.798545694361441960e-01 2.337822493112342581e+00 -1.449407731051250092e+00 -7.649406712031108224e-01 -4.178496425839020034e+00 -1.050218937479864945e+00
-1.712633446566817375e+00 -7.251294821405626090e-01 -2.043916314036136050e+00 -1.856603909237074523e+00 -4.585169249473470821e+00 -1.961443596808022383e+00
2.451010889549475991e+01 1.334537732082962869e+01 1.044011953242978841e+01 2.543413697776046334e+01 1.831607900658559629e+01 5.235602094240824300e+01
0.000000000000000000e+00 0.000000000000000000e+00 0.000000000000000000e+00 0.000000000000000000e+00 0.000000000000000000e+00 0.000000000000000000e+00
-2.578420588784093415e+00 -2.577411985288327489e+00 -2.578275954751193755e+00 -2.577415923494311034e+00 -4.910275907930450323e+00 -5.799324080658966096e+00
-2.513470649169144977e+00 -2.512228349618347956e+00 -2.513694224578122416e+00 -2.512232334110602316e+00 -3.131257226571936059e+00 -2.627798686354174240e+00
-2.593005038877380208e+00 -2.592672907561857976e+00 -2.592994327693286749e+00 -2.592670032845826089e+00 -3.609360560314709865e+00 -2.673957418715193768e+00
-2.401207388962441680e+00 -2.341725936462852431e+00 -2.405352487278807683e+00 -2.403750602860299068e+00 -3.134235998794300482e+00 -3.281810775268223068e+00
0.000000000000000000e+00 0.000000000000000000e+00 0.000000000000000000e+00 0.000000000000000000e+00 0.000000000000000000e+00 0.000000000000000000e+00
-2.513767663497977534e+00 -2.512360873078489654e+00 -2.513392989084066720e+00 -2.518795490337804921e+00 -4.119719025192503103e+00 -4.128885030494326536e+00
-2.340054779006427665e+00 -2.171085733967724085e+00 -2.347292808556729504e+00 -2.345032056880004934e+00 -3.805858596548389983e+00 -5.033596482855767107e+00
-2.518825878962927867e+00 -2.512361261856776107e+00 -2.516523069031027848e+00 -2.516396336789611166e+00 -3.158526639911843681e+00 -3.249226011365773381e+00
-2.602565011743860346e+00 -2.602298263126689548e+00 -2.602590477379232325e+00 -2.602303969634167657e+00 -3.213018055804851336e+00 -5.235571656052323775e+00
0.000000000000000000e+00 0.000000000000000000e+00 0.000000000000000000e+00 0.000000000000000000e+00 0.000000000000000000e+00 0.000000000000000000e+00
-2.593005070176898741e+00 -2.592844541015231652e+00 -2.593065207571408237e+00 -2.592841578085041121e+00 -3.292173690494172966e+00 -5.889877421877127261e+00
-2.255474447828596851e+00 -2.250945350819041124e+00 -2.250493863255356608e+00 -1.894946486017687892e+00 -4.556543909696079808e+00 -2.536563959235954790e+00
-1.978226977014878152e+00 -1.976676807717517859e+00 -1.977992201892916357e+00 -7.251326579738393008e-01 -2.607853791389055598e+00 -3.090696207001305762e+00
-2.294735171141992325e+00 -2.294377322662156438e+00 -2.292267383366193290e+00 -1.894944854360779196e+00 -3.586646361335509958e+00 -3.177036634839632612e+00
0.000000000000000000e+00 0.000000000000000000e+00 0.000000000000000000e+00 0.000000000000000000e+00 0.000000000000000000e+00 0.000000000000000000e+00
-1.776430536229360646e+00 -1.778525012029824159e+00 -1.777200634417511749e+00 -1.631417168077947899e+00 -1.975590838758092493e+00 -3.086871814037860595e+00
-1.093593275662846365e+00 -9.332939477361682501e-01 -1.095058751250423068e+00 -1.130047638999358783e+00 -3.562284698819326856e+00 -2.533759059222578269e+00
-1.932368487662903034e+00 -1.925011723981871814e+00 -1.923699927120939401e+00 -1.772795542335145580e+00 -2.564332379752376490e+00 -2.570657030502729867e+00
-1.381282000000000343e-01 -1.413270106500219558e-01 -1.381282000000000343e-01 2.711308321438085045e+01 -7.000000000000000666e-01 -7.000000000000000666e-01
